# Position (bp)	A	C	G	T	N
0.0	22.807017543859647	21.052631578947366	29.239766081871345	26.900584795321635	0.0
1.0	20.46783625730994	25.146198830409354	32.748538011695906	21.637426900584796	0.0
2.0	28.654970760233915	29.239766081871345	23.976608187134502	18.128654970760234	0.0
3.0	25.730994152046783	27.485380116959064	26.31578947368421	20.46783625730994	0.0
4.0	30.409356725146196	24.561403508771928	24.561403508771928	20.46783625730994	0.0
5.0	22.22222222222222	28.654970760233915	27.485380116959064	21.637426900584796	0.0
6.0	18.128654970760234	24.561403508771928	33.33333333333333	23.976608187134502	0.0
7.0	24.561403508771928	23.391812865497073	29.239766081871345	22.807017543859647	0.0
8.0	22.807017543859647	28.07017543859649	29.82456140350877	19.298245614035086	0.0
9.0	16.95906432748538	28.654970760233915	32.748538011695906	21.637426900584796	0.0
10.0	22.807017543859647	28.654970760233915	28.654970760233915	19.883040935672515	0.0
11.0	19.883040935672515	25.146198830409354	32.16374269005848	22.807017543859647	0.0
12.0	22.22222222222222	26.31578947368421	32.748538011695906	18.71345029239766	0.0
13.0	24.561403508771928	24.561403508771928	23.976608187134502	26.900584795321635	0.0
14.0	22.22222222222222	29.239766081871345	29.239766081871345	19.298245614035086	0.0
15.0	25.730994152046783	28.07017543859649	27.485380116959064	18.71345029239766	0.0
16.0	24.561403508771928	23.391812865497073	29.82456140350877	22.22222222222222	0.0
17.0	20.46783625730994	29.239766081871345	32.16374269005848	18.128654970760234	0.0
18.0	22.807017543859647	37.42690058479532	23.976608187134502	15.789473684210526	0.0
19.0	21.052631578947366	32.748538011695906	25.730994152046783	20.46783625730994	0.0
20.0	24.561403508771928	19.883040935672515	31.57894736842105	23.976608187134502	0.0
21.0	20.46783625730994	23.976608187134502	32.748538011695906	22.807017543859647	0.0
22.0	26.31578947368421	24.561403508771928	28.654970760233915	20.46783625730994	0.0
23.0	23.976608187134502	24.561403508771928	25.730994152046783	25.730994152046783	0.0
24.0	16.95906432748538	36.25730994152047	25.730994152046783	21.052631578947366	0.0
25.0	28.07017543859649	23.976608187134502	30.409356725146196	17.543859649122805	0.0
26.0	24.561403508771928	32.748538011695906	20.46783625730994	22.22222222222222	0.0
27.0	16.95906432748538	30.409356725146196	26.900584795321635	25.730994152046783	0.0
28.0	19.883040935672515	30.994152046783626	30.994152046783626	18.128654970760234	0.0
29.0	21.637426900584796	27.485380116959064	28.07017543859649	22.807017543859647	0.0
30.0	23.809523809523807	29.761904761904763	26.190476190476193	20.238095238095237	0.0
31.0	23.170731707317074	24.390243902439025	32.926829268292686	19.51219512195122	0.0
32.0	24.22360248447205	25.465838509316768	27.95031055900621	22.36024844720497	0.0
33.0	20.915032679738562	24.18300653594771	32.02614379084967	22.875816993464053	0.0
34.0	21.08843537414966	27.2108843537415	26.53061224489796	25.170068027210885	0.0
35.0	22.857142857142858	24.285714285714285	30.714285714285715	22.142857142857142	0.0
36.0	24.06015037593985	18.796992481203006	33.83458646616541	23.308270676691727	0.0
37.0	22.689075630252102	31.092436974789916	28.57142857142857	17.647058823529413	0.0
38.0	30.08849557522124	25.663716814159294	23.008849557522122	21.238938053097346	0.0
39.0	19.26605504587156	27.522935779816514	31.19266055045872	22.018348623853214	0.0
40.0	19.607843137254903	29.411764705882355	26.47058823529412	24.509803921568626	0.0
41.0	22.105263157894736	29.47368421052631	32.631578947368425	15.789473684210526	0.0
42.0	20.0	27.77777777777778	27.77777777777778	24.444444444444443	0.0
43.0	18.51851851851852	30.864197530864196	32.098765432098766	18.51851851851852	0.0
44.0	14.473684210526317	21.052631578947366	35.526315789473685	28.947368421052634	0.0
45.0	18.055555555555554	34.72222222222222	19.444444444444446	27.77777777777778	0.0
46.0	27.27272727272727	39.39393939393939	21.21212121212121	12.121212121212121	0.0
47.0	22.950819672131146	31.147540983606557	19.672131147540984	26.229508196721312	0.0
48.0	21.428571428571427	25.0	33.92857142857143	19.642857142857142	0.0
49.0	25.925925925925924	27.77777777777778	31.48148148148148	14.814814814814813	0.0
50.0	25.0	31.25	20.833333333333336	22.916666666666664	0.0
51.0	18.6046511627907	30.23255813953488	25.581395348837212	25.581395348837212	0.0
52.0	17.94871794871795	28.205128205128204	28.205128205128204	25.64102564102564	0.0
53.0	28.57142857142857	20.0	25.71428571428571	25.71428571428571	0.0
54.0	33.33333333333333	26.666666666666668	16.666666666666664	23.333333333333332	0.0
55.0	20.689655172413794	34.48275862068966	24.137931034482758	20.689655172413794	0.0
56.0	19.230769230769234	30.76923076923077	34.61538461538461	15.384615384615385	0.0
57.0	29.166666666666668	29.166666666666668	29.166666666666668	12.5	0.0
58.0	13.636363636363635	22.727272727272727	36.36363636363637	27.27272727272727	0.0
59.0	23.809523809523807	23.809523809523807	19.047619047619047	33.33333333333333	0.0
60.0	17.647058823529413	23.52941176470588	29.411764705882355	29.411764705882355	0.0
61.0	37.5	31.25	18.75	12.5	0.0
62.0	25.0	18.75	31.25	25.0	0.0
63.0	15.384615384615385	23.076923076923077	38.46153846153847	23.076923076923077	0.0
64.0	25.0	16.666666666666664	41.66666666666667	16.666666666666664	0.0
65.0	66.66666666666666	11.11111111111111	11.11111111111111	11.11111111111111	0.0
66.0	22.22222222222222	55.55555555555556	0.0	22.22222222222222	0.0
67.0	0.0	28.57142857142857	42.857142857142854	28.57142857142857	0.0
68.0	0.0	42.857142857142854	28.57142857142857	28.57142857142857	0.0
69.0	57.14285714285714	14.285714285714285	14.285714285714285	14.285714285714285	0.0
70.0	25.0	50.0	0.0	25.0	0.0
71.0	0.0	0.0	50.0	50.0	0.0
72.0	50.0	0.0	50.0	0.0	0.0
73.0	0.0	50.0	25.0	25.0	0.0
74.0	0.0	50.0	25.0	25.0	0.0
75.0	0.0	25.0	75.0	0.0	0.0
76.0	0.0	75.0	0.0	25.0	0.0
77.0	25.0	50.0	25.0	0.0	0.0
78.0	0.0	75.0	25.0	0.0	0.0
79.0	25.0	25.0	25.0	25.0	0.0
80.0	0.0	75.0	0.0	25.0	0.0
81.0	25.0	25.0	25.0	25.0	0.0
82.0	0.0	75.0	25.0	0.0	0.0
83.0	25.0	50.0	0.0	25.0	0.0
84.0	50.0	0.0	25.0	25.0	0.0
85.0	0.0	0.0	100.0	0.0	0.0
86.0	0.0	75.0	25.0	0.0	0.0
87.0	25.0	50.0	25.0	0.0	0.0
88.0	0.0	25.0	50.0	25.0	0.0
89.0	0.0	66.66666666666666	33.33333333333333	0.0	0.0
90.0	0.0	33.33333333333333	33.33333333333333	33.33333333333333	0.0
91.0	33.33333333333333	33.33333333333333	33.33333333333333	0.0	0.0
92.0	33.33333333333333	0.0	66.66666666666666	0.0	0.0
93.0	0.0	0.0	33.33333333333333	66.66666666666666	0.0
94.0	33.33333333333333	33.33333333333333	0.0	33.33333333333333	0.0
95.0	33.33333333333333	0.0	66.66666666666666	0.0	0.0
96.0	0.0	0.0	50.0	50.0	0.0
97.0	0.0	0.0	100.0	0.0	0.0
98.0	0.0	0.0	0.0	100.0	0.0
99.0	100.0	0.0	0.0	0.0	0.0
