# Position (bp)	A	C	G	T	N
0.0	38.144329896907216	16.49484536082474	18.556701030927837	26.804123711340207	0.0
1.0	29.896907216494846	24.742268041237114	19.587628865979383	25.773195876288657	0.0
2.0	31.958762886597935	20.618556701030926	22.68041237113402	24.742268041237114	0.0
3.0	35.051546391752574	17.525773195876287	12.371134020618557	35.051546391752574	0.0
4.0	32.98969072164948	25.773195876288657	17.525773195876287	23.711340206185564	0.0
5.0	31.958762886597935	22.68041237113402	19.587628865979383	25.773195876288657	0.0
6.0	27.835051546391753	26.804123711340207	8.24742268041237	37.11340206185567	0.0
7.0	29.896907216494846	27.835051546391753	11.34020618556701	30.927835051546392	0.0
8.0	26.804123711340207	22.68041237113402	14.432989690721648	36.08247422680412	0.0
9.0	28.865979381443296	16.49484536082474	20.618556701030926	34.02061855670103	0.0
10.0	29.896907216494846	22.68041237113402	18.556701030927837	28.865979381443296	0.0
11.0	27.835051546391753	24.742268041237114	12.371134020618557	35.051546391752574	0.0
12.0	15.463917525773196	25.773195876288657	17.525773195876287	41.23711340206185	0.0
13.0	32.98969072164948	16.49484536082474	19.587628865979383	30.927835051546392	0.0
14.0	26.804123711340207	20.618556701030926	30.927835051546392	21.649484536082475	0.0
15.0	26.804123711340207	22.68041237113402	24.742268041237114	25.773195876288657	0.0
16.0	21.649484536082475	26.804123711340207	17.525773195876287	34.02061855670103	0.0
17.0	31.958762886597935	22.68041237113402	14.432989690721648	30.927835051546392	0.0
18.0	26.804123711340207	29.896907216494846	18.556701030927837	24.742268041237114	0.0
19.0	35.051546391752574	18.556701030927837	16.49484536082474	29.896907216494846	0.0
20.0	26.804123711340207	24.742268041237114	23.711340206185564	24.742268041237114	0.0
21.0	22.68041237113402	27.835051546391753	21.649484536082475	27.835051546391753	0.0
22.0	26.804123711340207	28.865979381443296	25.773195876288657	18.556701030927837	0.0
23.0	32.98969072164948	15.463917525773196	17.525773195876287	34.02061855670103	0.0
24.0	32.98969072164948	20.618556701030926	15.463917525773196	30.927835051546392	0.0
25.0	36.08247422680412	25.773195876288657	16.49484536082474	21.649484536082475	0.0
26.0	34.02061855670103	25.773195876288657	16.49484536082474	23.711340206185564	0.0
27.0	31.958762886597935	24.742268041237114	18.556701030927837	24.742268041237114	0.0
28.0	32.98969072164948	19.587628865979383	22.68041237113402	24.742268041237114	0.0
29.0	34.02061855670103	19.587628865979383	21.649484536082475	24.742268041237114	0.0
30.0	31.57894736842105	25.263157894736842	22.105263157894736	21.052631578947366	0.0
31.0	34.73684210526316	26.31578947368421	21.052631578947366	17.894736842105264	0.0
32.0	26.595744680851062	22.340425531914892	23.404255319148938	27.659574468085108	0.0
33.0	26.373626373626376	30.76923076923077	15.384615384615385	27.472527472527474	0.0
34.0	34.065934065934066	19.78021978021978	18.681318681318682	27.472527472527474	0.0
35.0	32.58426966292135	23.595505617977526	16.853932584269664	26.96629213483146	0.0
36.0	32.18390804597701	22.988505747126435	18.39080459770115	26.436781609195403	0.0
37.0	21.951219512195124	20.73170731707317	29.268292682926827	28.04878048780488	0.0
38.0	27.160493827160494	23.456790123456788	24.691358024691358	24.691358024691358	0.0
39.0	23.376623376623375	29.87012987012987	18.181818181818183	28.57142857142857	0.0
40.0	24.0	18.666666666666668	21.333333333333336	36.0	0.0
41.0	27.397260273972602	27.397260273972602	23.28767123287671	21.91780821917808	0.0
42.0	31.944444444444443	27.77777777777778	20.833333333333336	19.444444444444446	0.0
43.0	22.535211267605636	25.352112676056336	28.169014084507044	23.943661971830984	0.0
44.0	40.909090909090914	22.727272727272727	22.727272727272727	13.636363636363635	0.0
45.0	36.507936507936506	26.984126984126984	17.46031746031746	19.047619047619047	0.0
46.0	16.666666666666664	23.333333333333332	23.333333333333332	36.666666666666664	0.0
47.0	34.48275862068966	22.413793103448278	20.689655172413794	22.413793103448278	0.0
48.0	28.57142857142857	25.0	19.642857142857142	26.785714285714285	0.0
49.0	33.33333333333333	20.37037037037037	14.814814814814813	31.48148148148148	0.0
50.0	32.69230769230769	19.230769230769234	25.0	23.076923076923077	0.0
51.0	26.0	26.0	26.0	22.0	0.0
52.0	26.53061224489796	18.367346938775512	32.6530612244898	22.448979591836736	0.0
53.0	32.608695652173914	23.91304347826087	19.565217391304348	23.91304347826087	0.0
54.0	34.090909090909086	27.27272727272727	20.454545454545457	18.181818181818183	0.0
55.0	29.268292682926827	19.51219512195122	26.82926829268293	24.390243902439025	0.0
56.0	24.390243902439025	24.390243902439025	21.951219512195124	29.268292682926827	0.0
57.0	29.268292682926827	29.268292682926827	17.073170731707318	24.390243902439025	0.0
58.0	33.33333333333333	25.64102564102564	15.384615384615385	25.64102564102564	0.0
59.0	33.33333333333333	13.88888888888889	25.0	27.77777777777778	0.0
60.0	19.444444444444446	25.0	22.22222222222222	33.33333333333333	0.0
61.0	31.428571428571427	20.0	22.857142857142858	25.71428571428571	0.0
62.0	35.294117647058826	8.823529411764707	29.411764705882355	26.47058823529412	0.0
63.0	31.25	9.375	31.25	28.125	0.0
64.0	25.0	21.875	28.125	25.0	0.0
65.0	27.586206896551722	20.689655172413794	17.24137931034483	34.48275862068966	0.0
66.0	28.57142857142857	17.857142857142858	17.857142857142858	35.714285714285715	0.0
67.0	32.142857142857146	25.0	17.857142857142858	25.0	0.0
68.0	25.925925925925924	22.22222222222222	29.629629629629626	22.22222222222222	0.0
69.0	28.000000000000004	20.0	8.0	44.0	0.0
70.0	36.36363636363637	22.727272727272727	22.727272727272727	18.181818181818183	0.0
71.0	36.36363636363637	13.636363636363635	22.727272727272727	27.27272727272727	0.0
72.0	20.0	15.0	40.0	25.0	0.0
73.0	40.0	20.0	25.0	15.0	0.0
74.0	36.84210526315789	21.052631578947366	21.052631578947366	21.052631578947366	0.0
75.0	38.88888888888889	16.666666666666664	38.88888888888889	5.555555555555555	0.0
76.0	11.76470588235294	11.76470588235294	47.05882352941176	29.411764705882355	0.0
77.0	31.25	25.0	12.5	31.25	0.0
78.0	28.57142857142857	21.428571428571427	7.142857142857142	42.857142857142854	0.0
79.0	42.857142857142854	14.285714285714285	21.428571428571427	21.428571428571427	0.0
80.0	38.46153846153847	0.0	30.76923076923077	30.76923076923077	0.0
81.0	38.46153846153847	30.76923076923077	15.384615384615385	15.384615384615385	0.0
82.0	25.0	25.0	33.33333333333333	16.666666666666664	0.0
83.0	25.0	25.0	25.0	25.0	0.0
84.0	25.0	8.333333333333332	25.0	41.66666666666667	0.0
85.0	16.666666666666664	16.666666666666664	58.333333333333336	8.333333333333332	0.0
86.0	16.666666666666664	16.666666666666664	25.0	41.66666666666667	0.0
87.0	50.0	8.333333333333332	25.0	16.666666666666664	0.0
88.0	16.666666666666664	33.33333333333333	33.33333333333333	16.666666666666664	0.0
89.0	41.66666666666667	8.333333333333332	25.0	25.0	0.0
90.0	27.27272727272727	9.090909090909092	45.45454545454545	18.181818181818183	0.0
91.0	20.0	10.0	60.0	10.0	0.0
92.0	42.857142857142854	0.0	28.57142857142857	28.57142857142857	0.0
93.0	28.57142857142857	0.0	42.857142857142854	28.57142857142857	0.0
94.0	28.57142857142857	0.0	14.285714285714285	57.14285714285714	0.0
95.0	42.857142857142854	14.285714285714285	0.0	42.857142857142854	0.0
96.0	14.285714285714285	14.285714285714285	57.14285714285714	14.285714285714285	0.0
97.0	14.285714285714285	28.57142857142857	28.57142857142857	28.57142857142857	0.0
98.0	57.14285714285714	14.285714285714285	0.0	28.57142857142857	0.0
99.0	0.0	16.666666666666664	33.33333333333333	50.0	0.0
100.0	66.66666666666666	0.0	0.0	33.33333333333333	0.0
101.0	0.0	20.0	20.0	60.0	0.0
102.0	20.0	0.0	20.0	60.0	0.0
103.0	20.0	0.0	40.0	40.0	0.0
104.0	0.0	20.0	20.0	60.0	0.0
105.0	60.0	0.0	20.0	20.0	0.0
106.0	20.0	20.0	20.0	40.0	0.0
107.0	0.0	20.0	80.0	0.0	0.0
108.0	25.0	0.0	75.0	0.0	0.0
109.0	33.33333333333333	66.66666666666666	0.0	0.0	0.0
110.0	0.0	66.66666666666666	0.0	33.33333333333333	0.0
111.0	66.66666666666666	0.0	33.33333333333333	0.0	0.0
112.0	33.33333333333333	0.0	0.0	66.66666666666666	0.0
113.0	33.33333333333333	33.33333333333333	33.33333333333333	0.0	0.0
114.0	33.33333333333333	0.0	33.33333333333333	33.33333333333333	0.0
115.0	33.33333333333333	0.0	33.33333333333333	33.33333333333333	0.0
116.0	0.0	0.0	33.33333333333333	66.66666666666666	0.0
117.0	0.0	66.66666666666666	33.33333333333333	0.0	0.0
118.0	33.33333333333333	33.33333333333333	33.33333333333333	0.0	0.0
119.0	0.0	0.0	33.33333333333333	66.66666666666666	0.0
120.0	0.0	0.0	100.0	0.0	0.0
121.0	100.0	0.0	0.0	0.0	0.0
122.0	0.0	0.0	0.0	100.0	0.0
123.0	0.0	0.0	100.0	0.0	0.0
124.0	0.0	0.0	100.0	0.0	0.0
125.0	0.0	100.0	0.0	0.0	0.0
126.0	100.0	0.0	0.0	0.0	0.0
127.0	0.0	0.0	100.0	0.0	0.0
128.0	0.0	0.0	100.0	0.0	0.0
