# Position (bp)	A	C	G	T	N
0.0	25.293775450843516	18.429319371727747	21.38452588714369	34.89237929028505	0.0
1.0	26.65503199534613	17.265852239674228	20.651541593949972	35.42757417102967	0.0
2.0	28.749272833042465	19.27865037812682	19.87201861547411	32.10005817335661	0.0
3.0	29.81149639283221	20.456132185245522	18.152199208750293	31.58017221317198	0.0
4.0	28.554805678380262	20.456132185245522	19.76960670235048	31.219455434023736	0.0
5.0	29.13999767252415	19.271500058186895	20.446875363668102	31.141626905620857	0.0
6.0	28.430117537530545	20.97055743046666	19.865006400558592	30.734318631444197	0.0
7.0	27.371116024671245	20.78435936227162	21.0403817060398	30.80414290701734	0.0
8.0	28.092633538927032	21.401140463167696	20.598161294076576	29.908064703828696	0.0
9.0	27.35947864540905	21.552426393576166	20.400325846619342	30.687769114395437	0.0
10.0	28.302106365646456	21.866635633655303	20.772721983009426	29.05853601768882	0.0
11.0	28.011171884091702	21.08693122308856	21.78517397881997	29.116722913999766	0.0
12.0	28.174095193762366	22.087745839636913	20.17921564063773	29.558943325962993	0.0
13.0	28.40684277900617	21.913185150704063	21.529151635051786	28.150820435237982	0.0
14.0	28.197369952286742	21.529151635051786	22.157570115210053	28.115908297451416	0.0
15.0	27.618715083798882	22.451117318435752	21.671322160148975	28.258845437616387	0.0
16.0	28.01443202979516	22.672253258845437	20.938081936685286	28.375232774674114	0.0
17.0	27.6536312849162	22.3463687150838	21.56657355679702	28.43342644320298	0.0
18.0	28.01443202979516	21.92737430167598	20.600558659217878	29.45763500931099	0.0
19.0	27.746741154562383	22.800279329608937	20.682029795158286	28.77094972067039	0.0
20.0	29.007100453963453	22.104527994412756	20.998719590268884	27.889651961354904	0.0
21.0	28.11081364218368	22.733092771505063	20.090792690024443	29.06530089628681	0.0
22.0	28.2272145268304	22.989174717727856	20.358514724711906	28.425096030729836	0.0
23.0	28.797578861599348	22.605051798393667	21.18496100570364	27.41240833430334	0.0
24.0	27.889651961354904	23.198696310091957	20.591316494005355	28.320335234547784	0.0
25.0	27.575369572808757	22.605051798393667	20.71935746711675	29.100221161680828	0.0
26.0	29.135141427074846	22.523571179140962	20.824118263298804	27.517169130485392	0.0
27.0	28.331975323012454	22.290769409847517	20.533116051681993	28.844139215458036	0.0
28.0	28.12245373064835	22.686532417646372	20.696077290187407	28.494936561517868	0.0
29.0	29.333022930974273	21.941566755907342	21.21988127109766	27.505529042020722	0.0
30.0	28.96487338079122	22.744777687011318	20.364103162562728	27.92624576963473	0.0
31.0	29.213483146067414	22.823033707865168	19.850187265917604	28.113295880149813	0.0
32.0	28.893322380002346	22.380002347142355	20.25583851660603	28.47083675624927	0.0
33.0	28.53603869293382	22.708505367464905	20.207620620502535	28.547835319098734	0.0
34.0	28.56804172593646	22.273589378852538	20.424371740161217	28.733997155049785	0.0
35.0	29.86842105263158	22.535885167464116	20.586124401913874	27.009569377990434	0.0
36.0	29.250963391136803	22.639691714836225	19.56888246628131	28.540462427745666	0.0
37.0	28.60617854536609	22.78034541474094	20.6275845293116	27.985891510581368	0.0
38.0	29.592337917485267	22.924852652259332	19.05697445972495	28.42583497053045	0.0
39.0	30.05342278543918	22.35060255932414	19.766430612498446	27.82954404273823	0.0
40.0	28.519402235338443	23.82267989451212	19.94223282682406	27.71568504332538	0.0
41.0	29.573170731707314	22.35772357723577	20.29979674796748	27.76930894308943	0.0
42.0	30.415220465355443	22.16223164931225	19.989715901786862	27.43283198354544	0.0
43.0	30.564610770635024	22.76698396140305	19.44190898422219	27.22649628373973	0.0
44.0	29.798782102197514	22.359015091342336	19.870267407995765	27.97193539846439	0.0
45.0	29.830462863293867	22.7529601722282	19.671689989235738	27.744886975242196	0.0
46.0	29.689423997810916	22.94431522780134	19.59228348611301	27.773977288274732	0.0
47.0	31.37665967854647	22.767295597484278	19.482879105520613	26.373165618448635	0.0
48.0	31.34689233394965	22.855923766178353	18.631773574171525	27.165410325700467	0.0
49.0	29.58828645984343	23.151638155987243	19.55639315743694	27.703682226732383	0.0
50.0	31.8604994827841	22.816610019210877	19.402985074626866	25.919905423378157	0.0
51.0	29.80072463768116	22.88647342995169	18.780193236714975	28.532608695652172	0.0
52.0	30.325466604966838	23.091161499305876	18.52537405522135	28.057997840505937	0.0
53.0	30.482802145787314	22.92521300094667	19.028084569264752	27.563900284001264	0.0
54.0	29.177419354838708	23.532258064516128	18.693548387096776	28.596774193548384	0.0
55.0	30.596398480092518	23.19510986287791	18.883198414009584	27.32529324301999	0.0
56.0	31.29745233676396	22.270963387885946	18.25544120128227	28.176143074067827	0.0
57.0	30.03808864265928	22.71468144044321	19.286703601108034	27.960526315789476	0.0
58.0	30.434012400354295	22.97608503100089	19.734278122232062	26.855624446412758	0.0
59.0	30.050872093023255	22.111191860465116	19.422238372093023	28.415697674418606	0.0
60.0	30.44046285927585	23.684210526315788	18.49570735349011	27.379619260918254	0.0
61.0	31.45099540581929	22.492343032159265	18.644716692189892	27.411944869831544	0.0
62.0	30.92661813889435	22.899862286051544	19.220932520165256	26.952587054888845	0.0
63.0	30.17380759902991	22.69603880355699	20.109135004042038	27.02101859337106	0.0
64.0	30.74838440692099	22.5140712945591	18.532416093391703	28.205128205128204	0.0
65.0	31.452478009010942	22.806264750053636	18.815704784381033	26.925552456554385	0.0
66.0	29.778270509977826	23.104212860310422	18.957871396895786	28.159645232815965	0.0
67.0	30.774503084304317	22.435458076307974	18.89421978524103	27.895819054146674	0.0
68.0	30.230914231856737	21.371347785108387	20.42884071630537	27.9688972667295	0.0
69.0	30.216176827787223	22.73500121447656	18.460043721156183	28.58877823658003	0.0
70.0	30.84626940410616	22.058087130696045	19.529293940911366	27.566349524286434	0.0
71.0	30.775213896810993	21.44153487166191	20.585947627689915	27.19730360383718	0.0
72.0	30.91541755888651	22.53747323340471	19.16488222698073	27.382226980728053	0.0
73.0	30.775646371976645	24.325827078120657	18.126216291353906	26.772310258548792	0.0
74.0	30.623384085033035	23.556449296179256	18.471703533467394	27.34846308532031	0.0
75.0	30.008904719501334	23.330365093499555	18.581181359453844	28.079548827545263	0.0
76.0	31.351517008887527	22.954336500153232	18.602513024823782	27.091633466135455	0.0
77.0	31.575583253435603	23.521891978267817	17.89709172259508	27.005433045701505	0.0
78.0	30.86297760210804	22.760210803689066	18.675889328063242	27.700922266139656	0.0
79.0	32.121006118286886	22.297756628144118	18.422841604350783	27.15839564921822	0.0
80.0	30.017761989342805	23.658969804618117	19.75133214920071	26.571936056838364	0.0
81.0	30.845954931658664	23.05134835611378	18.729220539342446	27.373476172885113	0.0
82.0	30.624760444614797	23.802223073974705	19.202759678037562	26.37025680337294	0.0
83.0	31.444533120510776	23.104549082202713	17.877094972067038	27.573822825219473	0.0
84.0	29.112869637650977	23.94835485214494	18.908788004997916	28.029987505206165	0.0
85.0	31.12267013437365	23.363675769397485	18.032076289553533	27.481577806675332	0.0
86.0	32.16400911161731	22.277904328018224	16.40091116173121	29.157175398633257	0.0
87.0	30.19495958155017	24.01331431288635	18.06942463147884	27.72230147408464	0.0
88.0	32.00398803589232	22.831505483549353	17.597208374875372	27.56729810568295	0.0
89.0	30.652741514360315	24.281984334203656	18.642297650130548	26.422976501305484	0.0
90.0	29.462832338578405	23.00596852957135	19.533369506239826	27.997829625610414	0.0
91.0	29.726651480637813	22.03872437357631	18.96355353075171	29.271070615034166	0.0
92.0	32.279236276849645	22.911694510739856	17.36276849642005	27.44630071599045	0.0
93.0	30.193387398627575	24.266999376169682	18.2158452900811	27.323767935121644	0.0
94.0	30.859375	22.526041666666664	19.140625	27.473958333333332	0.0
95.0	34.40712816997944	22.89239204934887	18.026045236463332	24.674434544208363	0.0
96.0	31.94842406876791	22.206303724928368	17.550143266475647	28.29512893982808	0.0
97.0	31.787584143605084	21.16679132385939	20.94240837696335	26.103216155572177	0.0
98.0	31.757289204097717	24.901497241922772	19.227738376674548	24.113475177304963	0.0
99.0	28.85738115095913	25.771476230191826	17.264386989157632	28.10675562969141	0.0
100.0	29.063604240282686	21.996466431095406	19.346289752650176	29.593639575971732	0.0
101.0	34.831460674157306	22.56554307116105	17.883895131086142	24.719101123595504	0.0
102.0	30.309072781655033	22.43270189431705	17.647058823529413	29.611166500498502	0.0
103.0	31.13006396588486	21.641791044776117	19.616204690831555	27.611940298507463	0.0
104.0	31.79255918827508	24.01352874859076	17.023675310033823	27.17023675310034	0.0
105.0	32.16867469879518	22.650602409638555	19.397590361445783	25.783132530120483	0.0
106.0	31.241997439180537	24.96798975672215	18.30985915492958	25.480153649167736	0.0
107.0	35.14246947082768	22.523744911804613	16.689280868385346	25.64450474898236	0.0
108.0	32.75613275613276	24.0981240981241	15.728715728715729	27.417027417027416	0.0
109.0	32.04930662557781	19.72265023112481	20.647149460708782	27.5808936825886	0.0
110.0	31.385642737896497	22.70450751252087	18.864774624373958	27.04507512520868	0.0
111.0	30.810810810810814	25.585585585585584	18.01801801801802	25.585585585585584	0.0
112.0	31.960784313725487	22.15686274509804	19.411764705882355	26.47058823529412	0.0
113.0	32.05944798301486	21.443736730360936	19.32059447983015	27.176220806794056	0.0
114.0	35.96287703016242	22.041763341067284	17.16937354988399	24.825986078886313	0.0
115.0	32.8125	21.875	19.791666666666664	25.520833333333332	0.0
116.0	33.90804597701149	22.126436781609197	15.229885057471265	28.735632183908045	0.0
117.0	33.00970873786408	27.831715210355988	14.563106796116504	24.59546925566343	0.0
118.0	31.672597864768683	24.91103202846975	16.72597864768683	26.690391459074732	0.0
119.0	36.58536585365854	22.76422764227642	17.88617886178862	22.76422764227642	0.0
120.0	32.25806451612903	21.19815668202765	15.668202764976957	30.87557603686636	0.0
121.0	32.10526315789474	25.263157894736842	18.421052631578945	24.210526315789473	0.0
122.0	35.75757575757576	24.242424242424242	16.363636363636363	23.636363636363637	0.0
123.0	36.36363636363637	28.78787878787879	11.363636363636363	23.484848484848484	0.0
124.0	36.93693693693694	20.72072072072072	13.513513513513514	28.82882882882883	0.0
125.0	42.5531914893617	23.404255319148938	8.51063829787234	25.53191489361702	0.0
126.0	29.166666666666668	22.22222222222222	15.277777777777779	33.33333333333333	0.0
127.0	34.090909090909086	20.454545454545457	20.454545454545457	25.0	0.0
128.0	29.166666666666668	33.33333333333333	8.333333333333332	29.166666666666668	0.0
