# Position (bp)	A	C	G	T	N
0.0	23.52390211514749	27.813478137152615	25.465948970881154	23.196670776818742	0.0
1.0	22.48411268139998	24.67869676562648	26.9301906478232	25.906999905150336	0.0
2.0	23.858247178222516	27.270463814853457	26.524708337285404	22.346580669638623	0.0
3.0	24.62652945082045	26.57450441050934	25.98406525656834	22.814900882101867	0.0
4.0	23.264251161908376	27.480318694868632	26.78198804894243	22.473442094280564	0.0
5.0	22.80897277814664	27.543156596794084	27.706772265958456	21.93991273830978	0.0011856207910461917
6.0	23.7242720288343	26.07417243668785	28.59243099686996	21.60912453760789	0.0
7.0	22.60623162287774	27.734041544152515	27.34160106231623	22.318125770653513	0.0
8.0	22.16992317177274	27.53722849283885	28.221331689272507	22.071516646115906	0.0
9.0	23.068623731385753	26.771317461823013	28.175092478421703	21.984966328369534	0.0
10.0	22.829128331594422	27.622593189794177	27.614293844256853	21.933984634354548	0.0
11.0	22.638243384235988	27.712700369913684	28.143080717063455	21.505975528786873	0.0
12.0	23.457507350848907	26.771317461823013	27.763682063928673	22.007493123399414	0.0
13.0	23.00104334629612	27.421037655316322	27.116333112017454	22.461585886370102	0.0
14.0	22.633500901071802	27.85853172721237	27.95456701128711	21.55340036042872	0.0
15.0	23.331831546998007	27.202883429763823	27.431708242435736	22.033576780802427	0.0
16.0	22.826757090012332	27.370055961301336	27.49928862752537	22.303898321160958	0.0
17.0	22.695153182206205	27.86208858958551	27.73996964810775	21.702788580100542	0.0
18.0	22.902636820639284	27.875130418287014	27.204069050554867	22.018163710518827	0.0
19.0	22.865882576116856	27.62496443137627	27.42222327610737	22.086929716399506	0.0
20.0	22.819643365266053	27.81110689557052	27.601252015555346	21.767997723608083	0.0
21.0	22.980887792848335	27.560940908659777	27.703215403585318	21.754955894906573	0.0
22.0	23.091150526415632	27.150716114957792	27.655790571943466	22.102342786683106	0.0
23.0	22.752062980176422	27.81466375794366	27.583467703689653	21.84980555819027	0.0
24.0	23.168215877833635	27.191027221853364	27.289433747510195	22.351323152802806	0.0
25.0	22.90500806222138	27.40088210186854	26.872095229061937	22.822014606848146	0.0
26.0	22.739021151474912	27.57872522052547	27.37479844446552	22.307455183534096	0.0
27.0	23.522716494356445	27.029782794271078	27.245565778241488	22.20193493313099	0.0
28.0	22.99155837996775	27.385469031584936	27.09854880015176	22.524423788295554	0.0
29.0	22.587261690221	27.760125201555535	27.277577539599733	22.37503556862373	0.0
30.0	23.120334535520435	27.157047172863326	27.158245365988087	22.564372925628152	0.0
31.0	22.83583899127061	27.185984481086322	27.474539282250245	22.50363724539282	0.0
32.0	22.909444075631285	27.343807627056133	27.370853925401388	22.37589437191119	0.0
33.0	23.134319046727807	26.87503899182731	27.406575581758062	22.584066379686817	0.0
34.0	22.734888680155365	27.548170901982687	27.235916833794523	22.48102358406743	0.0
35.0	22.638192253994518	27.134288225864832	27.518227416102174	22.70929210403847	0.0
36.0	22.96586369210079	26.730219005049904	27.53846762390728	22.765449678942026	0.0
37.0	22.607631370122796	27.14825624403169	27.309652862772527	22.93445952307299	0.0
38.0	22.347527472527474	27.163461538461537	27.990384615384617	22.498626373626372	0.0
39.0	22.829275138586766	26.89074450915725	27.428250649077256	22.851729703178727	0.0
40.0	22.452405204940966	27.148042408504658	27.493795102075953	22.90575728447843	0.0
41.0	22.29202137028122	27.597898197616395	27.542124112017845	22.56795632008454	0.0
42.0	22.673719644145226	26.988158211108438	27.73052416446261	22.60759798028372	0.0
43.0	22.48319042625378	27.64326691752514	27.08963049781013	22.783912158410953	0.0
44.0	22.403358681875794	27.545944233206594	27.412864385297848	22.63783269961977	0.0
45.0	22.72224031260176	27.235428199283625	27.416151090849887	22.626180397264733	0.0
46.0	22.326959783009077	27.309714362254294	27.527375012557346	22.835950842179287	0.0
47.0	22.192504141358366	27.53313086692435	27.545209828823854	22.72915516289343	0.0
48.0	22.53583593528243	26.95146182231053	27.89703377803009	22.615668464376952	0.0
49.0	22.276974740838078	27.609870054022483	27.241203095342385	22.87195210979705	0.0
50.0	22.30182009626955	27.3710138387485	27.914410348977135	22.412755716004813	0.0
51.0	22.23169314219295	27.69856644711352	27.62107710189849	22.44866330879504	0.0
52.0	22.297364693678055	27.59790133062022	27.24280327966964	22.86193069603208	0.0
53.0	22.18382292438081	27.8223483913437	27.77914918127211	22.214679503003374	0.0
54.0	22.528706410745308	27.928901317740774	27.223422736324732	22.318969535189186	0.0
55.0	22.163155476799894	27.9254446413336	27.280085756163725	22.631314125702783	0.0
56.0	21.957246163262532	27.78999387935529	27.60864144356539	22.64411851381679	0.0
57.0	22.535344015080113	27.785108388312914	27.363336475023566	22.31621112158341	0.0
58.0	21.683006136469206	28.27420971566878	27.323179228907414	22.7196049189546	0.0
59.0	21.77941363117147	27.678639421246352	28.153318949105216	22.388627998476966	0.0
60.0	22.01585921652309	27.00808767354251	28.13562001106457	22.840433098869834	0.0
61.0	21.947014067546117	27.801193278230883	27.853193935081283	22.398598719141717	0.0
62.0	21.776366162833565	28.134305078977967	27.640870033746417	22.448458724442048	0.0
63.0	22.38564494778644	26.68921900279453	28.4188851301662	22.50625091925283	0.0
64.0	22.031932106114724	27.282718197637145	28.155814024483316	22.529535671764815	0.0
65.0	21.41723284018033	27.817639215188265	28.474823798336402	22.290304146295004	0.0
66.0	22.233951309625915	27.59780959292736	27.736359437883486	22.43187965956324	0.0
67.0	22.00171379605827	27.986289631533843	27.838903170522705	22.173093401885176	0.0
68.0	21.50870819532001	27.07554225878833	28.984578124443495	22.43117142144816	0.0
69.0	21.784047989335704	27.682737169517885	28.104865585425458	22.42834925572095	0.0
70.0	22.062220853226552	27.96473124903742	27.46804250731557	22.50500539042045	0.0
71.0	21.780712284913967	28.07523009203681	28.15526210484194	21.988795518207283	0.0
72.0	22.31927460277847	27.66408784626903	27.980201314366525	22.036436236585974	0.0
73.0	22.036171685704396	27.764797507788163	27.660955347871237	22.538075458636207	0.0
74.0	21.94309382315865	28.088420673509813	28.295515937331174	21.67296956600036	0.0
75.0	21.810776649033283	27.746828332006928	27.620429755161275	22.82196526379851	0.0
76.0	21.587425178840817	28.2495498564407	28.04516034843545	22.117864616283033	0.0
77.0	21.706601961379032	27.823273683146294	28.667475482762107	21.802648872712567	0.0
78.0	22.339642481598318	27.350157728706627	28.27549947423764	22.034700315457414	0.0
79.0	22.147065241108443	27.405629500327294	27.929303949378138	22.518001309186122	0.0
80.0	22.348871498242033	27.645457638652605	28.34864466371782	21.65702619938755	0.0
81.0	22.250323491353956	27.784966474532407	28.067286201623336	21.897423832490297	0.0
82.0	21.47318148420279	28.098212098946853	28.19005633112907	22.238550085721283	0.0
83.0	22.020510860564368	27.810688578890375	28.38397350149691	21.784827059048347	0.0
84.0	21.60943921516638	27.210658889036193	28.71536523929471	22.464536656502716	0.0
85.0	21.802025211820624	27.767445064407248	27.918991527175034	22.51153819659709	0.0
86.0	21.817402486069437	27.95399342763252	28.618374053436206	21.61023003286184	0.0
87.0	21.875927574948058	27.211338676165038	28.977441377263286	21.93529237162363	0.0
88.0	21.860212551392443	28.61686447909394	27.530835466604607	21.992087502909005	0.0
89.0	21.625121398510842	27.71932664292651	28.868565878925217	21.786986079637423	0.0
90.0	22.675105485232066	27.139240506329116	27.755274261603375	22.430379746835445	0.0
91.0	21.780785795904016	28.135712402214995	27.986288125164805	22.097213676716184	0.0
92.0	21.7985149876249	28.361903015858463	28.719405995049957	21.120176001466678	0.0
93.0	21.713794421092857	27.655712648070306	28.41994650363011	22.210546427206726	0.0
94.0	21.80165784480176	27.524218515929295	28.922400878857484	21.751722760411464	0.0
95.0	22.3255328040117	27.789385708315923	28.447555369828663	21.43752611784371	0.0
96.0	21.818181818181817	27.468698965704952	28.66630375612412	22.046815459989112	0.0
97.0	22.28291794696711	27.73415272561739	28.086946625697053	21.89598270171845	0.0
98.0	21.74531657576476	27.661844913445577	29.167654730851318	21.425183779938344	0.0
99.0	22.190523443314312	27.127263706276356	28.36765070702059	22.314562143388738	0.0
100.0	22.03169654455703	27.409716809560926	28.565861262665628	21.99272538321642	0.0
101.0	21.658923203060944	27.589505329324954	28.532385897786277	22.219185569827822	0.0
102.0	21.721664275466285	27.21664275466284	28.70875179340029	22.35294117647059	0.0
103.0	22.958189719766224	27.019331634946802	27.963434736999847	22.059043908287126	0.0
104.0	22.11764705882353	28.000000000000004	28.48627450980392	21.396078431372548	0.0
105.0	22.244062244062242	27.436527436527435	27.633087633087634	22.686322686322686	0.0
106.0	21.700223713646533	27.327482361039408	28.050249526759597	22.922044398554466	0.0
107.0	22.142214221422144	27.3987398739874	27.794779477947795	22.664266426642666	0.0
108.0	21.949376652814507	27.29505100113336	28.69285984132981	22.062712504722327	0.0
109.0	23.256735340729	27.912044374009508	27.852614896988907	20.978605388272584	0.0
110.0	21.409100440343888	28.307821346194174	28.769133990354373	21.51394422310757	0.0
111.0	22.062403186545694	25.95707014826289	28.878070369550784	23.10245629564063	0.0
112.0	21.869158878504674	28.10747663551402	29.06542056074766	20.957943925233643	0.0
113.0	22.079842286840808	28.21586988664367	28.339083292262195	21.365204534253326	0.0
114.0	22.15568862275449	26.711793803696953	28.273887008591515	22.858630564957043	0.0
115.0	21.93976236529428	27.825366123238464	27.106935617573914	23.12793589389334	0.0
116.0	21.79900380896572	27.658951069440374	28.010547905068854	22.53149721652505	0.0
117.0	20.839813374805598	27.838258164852252	30.451010886469675	20.87091757387247	0.0
118.0	22.55262278650184	27.69796191112596	27.96525225526228	21.78416304710992	0.0
119.0	22.499110003559984	28.123887504449986	27.055891776432894	22.32111071555714	0.0
120.0	23.164701407379233	25.02852795739825	29.478889311525297	22.327881323697223	0.0
121.0	22.98568507157464	26.87116564417178	28.588957055214724	21.554192229038854	0.0
122.0	21.261579179532422	29.245699161887956	28.804587560652845	20.688134097926774	0.0
123.0	21.82932578972183	26.968411126826968	28.477133427628477	22.725129655822727	0.0
124.0	23.685553854007146	25.42113323124043	29.402756508422666	21.490556406329762	0.0
125.0	22.46696035242291	28.799559471365637	26.046255506607928	22.687224669603523	0.0
126.0	22.931873479318735	26.885644768856448	29.744525547445257	20.437956204379564	0.0
127.0	24.32074221338635	27.76673293571902	27.36911862160371	20.543406229290923	0.0
128.0	22.633136094674555	27.958579881656803	28.624260355029584	20.784023668639055	0.0
129.0	23.178807947019866	27.483443708609272	29.13907284768212	20.198675496688743	0.0
130.0	25.581395348837212	27.25581395348837	25.023255813953487	22.13953488372093	0.0
131.0	23.0605738575983	28.586609989373006	25.717321997874603	22.635494155154092	0.0
132.0	24.317617866004962	25.806451612903224	25.43424317617866	24.441687344913152	0.0
133.0	22.15568862275449	27.694610778443113	29.041916167664674	21.107784431137723	0.0
134.0	28.16399286987522	26.559714795008915	26.02495543672014	19.25133689839572	0.0
135.0	21.88235294117647	27.764705882352942	29.176470588235293	21.176470588235293	0.0
136.0	22.18430034129693	29.692832764505116	26.27986348122867	21.843003412969285	0.0
137.0	26.5625	29.166666666666668	29.166666666666668	15.104166666666666	0.0
138.0	27.61904761904762	21.904761904761905	31.428571428571427	19.047619047619047	0.0
139.0	100.0	0.0	0.0	0.0	0.0
