# Position (bp)	A	C	G	T	N
0.0	20.77886962702018	24.638232970021235	21.012175149099225	33.570722253859365	0.0
1.0	20.05125216861566	24.123172955100276	26.57718505961762	29.24838981666645	0.0
2.0	22.45096611000013	27.83785155853386	26.448944275958276	23.26223805550773	0.0
3.0	24.924733034031263	27.41130196400429	23.621908205202914	24.042056796761536	0.0
4.0	24.00320933045509	27.197199450838088	25.386377782780862	23.41321343592596	0.0
5.0	23.62113567036159	27.505330490405118	25.55081734186212	23.32128178980872	0.0014347075624539238
6.0	24.54574951330305	26.487791742264722	25.50634140742605	23.460117337006185	0.0
7.0	23.232771369417332	27.61734804239671	25.540553664684563	23.609326923501392	0.0
8.0	23.14746145051142	27.10361237291802	26.25658310046926	23.492343076101303	0.0
9.0	23.71052898771449	26.87229336900237	25.542209096487394	23.874968546795746	0.0
10.0	23.18652964105824	27.5320381234908	25.794717627479287	23.486714607971678	0.0
11.0	23.380546248350086	27.15415822396447	26.46704366366923	22.997920777655644	3.310863605662901E-4
12.0	23.825084868470427	26.838964008705364	25.6334785698835	23.70247255294071	0.0
13.0	23.316977667121357	27.386911935442576	25.707641914650353	23.588468482785714	0.0
14.0	23.448308590145984	26.956830753066964	26.33151898007743	23.26334167670962	0.0
15.0	23.80698548075947	26.846027184397446	25.57134469621723	23.77564263862586	0.0
16.0	23.384519284676884	27.25778825482172	25.77937729277305	23.578315167728352	0.0
17.0	23.51309115469679	26.917210751919196	26.332843325519693	23.236854767864315	0.0
18.0	23.754673835789994	26.74305932626133	25.736004979538862	23.766261858409816	0.0
19.0	23.48660424585149	27.266506862316632	25.799352836527213	23.447536055304667	0.0
20.0	23.63824179899085	26.90098752025145	26.361537476768778	23.099233203988927	0.0
21.0	23.919003032751064	26.683574143479582	25.641314280416903	23.756108543352447	0.0
22.0	23.57147271627665	27.040595602290235	25.83003350593969	23.55789817549343	0.0
23.0	23.65060235645199	26.751998657996616	26.363634357052362	23.23376462849903	0.0
24.0	24.017225319719063	26.536792523628527	25.626305032071233	23.819677124581176	0.0
25.0	23.509118118369994	26.97570267561924	25.860493451111786	23.654685754898974	0.0
26.0	23.63713817778896	26.748687794390957	26.23539357339302	23.378780454427066	0.0
27.0	24.063246323837774	26.334829843683096	25.76834108075417	23.83358275172496	0.0
28.0	23.579418788930237	26.8543043434116	25.895478243211628	23.670798624446533	0.0
29.0	23.8292786290376	26.540875922075514	26.437687339699025	23.192158109187865	0.0
30.0	24.101753059731347	26.305732202498184	25.79469020289163	23.797824534878835	0.0
31.0	23.68531795338618	26.748239744671615	25.84812302185839	23.71831928008381	0.0
32.0	23.745195825962583	26.522927334126212	26.355801487808694	23.37607535210251	0.0
33.0	24.14706295405453	26.2660026705484	25.820725506412213	23.766208868984855	0.0
34.0	23.667672802414728	26.715200116480283	25.940046256111017	23.67708082499398	0.0
35.0	23.809727736524597	26.417975542605475	26.43217530166036	23.34012141920957	0.0
36.0	24.14596687503618	26.20427325881673	25.8532952993699	23.79646456677719	0.0
37.0	23.734383014581958	26.669093940060083	25.988770425734593	23.60775261962336	0.0
38.0	23.897708556072473	26.434883116132575	26.355014881382377	23.312393446412575	0.0
39.0	24.142765184659904	26.220269422497516	25.872597341757213	23.764368051085366	0.0
40.0	23.851477950433544	26.640226494943462	25.990531187384374	23.517764367238616	0.0
41.0	23.95007496898248	26.330998835944875	26.522493089919664	23.19643310515298	0.0
42.0	24.230714113958022	26.16458552438228	25.96711787094408	23.63758249071562	0.0
43.0	23.781563615815305	26.575620661660743	26.164642828060497	23.47817289446346	0.0
44.0	23.893259061312055	26.369453122059543	26.535436034476266	23.201851782152133	0.0
45.0	24.224660138116395	26.22704127907125	26.009493905352205	23.538804677460153	0.0
46.0	23.853827433138576	26.590526440520385	26.122148159626235	23.433497966714803	0.0
47.0	23.979774030949606	26.335178132164415	26.57665251981643	23.108395317069544	0.0
48.0	24.247301775693085	26.28258801915245	26.061066716525893	23.409043488628573	0.0
49.0	23.827430536820362	26.567219106991907	26.26408944192874	23.341260914258992	0.0
50.0	23.864521611025573	26.440087035081245	26.578641907759216	23.116749446133966	0.0
51.0	24.197237598597848	26.223017892466032	26.111180948995706	23.46856355994041	0.0
52.0	23.764810163982865	26.594327079332245	26.37922883734673	23.26163391933816	0.0
53.0	23.840000966980636	26.40113982842137	26.81981222444829	22.939046980149698	0.0
54.0	24.084221466452	26.28162596797617	26.235382728536717	23.398769837035115	0.0
55.0	23.90440077041993	26.52642616386629	26.369301046656023	23.199872019057757	0.0
56.0	23.84228119688011	26.502484689271512	26.71801420054818	22.937219913300204	0.0
57.0	24.077015981517768	26.31746874942577	26.27721009172626	23.3283051773302	0.0
58.0	23.71642549567678	26.64035190132478	26.528236578782906	23.114986024215536	0.0
59.0	23.798455358592598	26.446159928274422	26.817495111224066	22.937889601908918	0.0
60.0	24.132709750978584	26.34913833796905	26.32263124641428	23.195520664638085	0.0
61.0	23.717239730071068	26.6437117469902	26.654921420190863	22.984127102747863	0.0
62.0	23.89793859016866	26.46638796790159	26.767574840228725	22.86809860170102	0.0
63.0	23.99329722115609	26.426318892419214	26.40336959059237	23.177014295832326	0.0
64.0	23.697179726957312	26.73300206381318	26.59609362744199	22.97372458178751	0.0
65.0	23.78566317719907	26.460991613107645	27.04578693474507	22.707558274948227	0.0
66.0	23.996352730698426	26.421095390785027	26.553978721381466	23.028573157135078	0.0
67.0	23.57533663941782	26.819589775336194	26.643671045335815	22.961402539910168	0.0
68.0	23.685050654919536	26.642581368268498	27.012358835729234	22.660009141082735	0.0
69.0	23.96358642896039	26.38871131945924	26.495963254966025	23.151738996614345	0.0
70.0	23.72131756063729	26.592736224125975	26.77052094831544	22.91518105713532	2.442097859745436E-4
71.0	23.609347282696337	26.443819545234636	27.190422915658765	22.75615828092243	2.519754878245444E-4
72.0	23.925721301411908	26.481620209965563	26.65459728855178	22.937801084163105	2.6011590764844815E-4
73.0	23.445382214366685	26.938470712746927	26.7797183824991	22.83616007392325	2.68616464040314E-4
74.0	23.625186216768803	26.702028202304234	27.031600673570672	22.64118490735629	0.0
75.0	23.73690074206455	26.53790085376087	26.773895137200316	22.950730465315427	5.728016588336039E-4
76.0	23.547565294836478	26.854101140052133	26.792260782857497	22.80577689537736	2.958868765293653E-4
77.0	23.670087591151642	26.552404936400144	27.269698840471634	22.507503010372798	3.0562160377992797E-4
78.0	23.789032015494325	26.58458213666221	26.85093032293533	22.77513957213676	3.1595277137973416E-4
79.0	23.376593680483193	26.980932999271555	26.866602859560125	22.775870460685134	0.0
80.0	23.522199931100168	26.581825305151952	27.31574361156707	22.57989340790727	3.37744273545842E-4
81.0	23.77787479263075	26.347681830088188	26.922553042870863	22.951890334410198	0.0
82.0	23.397501943133957	26.954792762503843	26.889720369466584	22.757984924895613	0.0
83.0	23.692384844538257	26.577820691307014	27.260445202916124	22.469349261238605	0.0
84.0	23.72173629850191	26.64464501721411	26.7923606587885	22.84125802549549	0.0
85.0	23.47206930637371	26.875507301117867	27.122628241704373	22.52979515080405	0.0
86.0	23.649723821346154	26.74100857278536	27.28545125842491	22.323816347443575	0.0
87.0	23.83795732628725	26.61408008013194	26.843768619019247	22.704193974561562	0.0
88.0	23.270285173744828	26.991755470574784	27.175116674213317	22.562842681467068	0.0
89.0	23.500307485883603	26.743351782486354	27.45196697787965	22.303907866047968	4.658877024282067E-4
90.0	23.845602340767723	26.60976224155638	26.73522971689887	22.8089212703703	4.8443040672776946E-4
91.0	23.384324987256292	27.034324734905645	27.08731837062235	22.493527205923176	5.047012925400102E-4
92.0	23.52601156069364	26.697845507094065	27.41881240147136	22.356805044666316	5.254860746190226E-4
93.0	23.88782384838692	26.699895930328093	26.926110532946268	22.485621953223422	5.477351152982418E-4
94.0	23.318331867454052	27.121431916570526	27.16198156418838	22.39825465178704	0.0
95.0	23.690905299532304	26.60252018231106	27.321040245464566	22.385534272692066	0.0
96.0	23.66639285091977	26.615512906678614	27.071042740148854	22.647051502252758	0.0
97.0	23.55708541013261	27.058471388972034	27.088403326349216	22.29538918025533	6.506942908082924E-4
98.0	23.70379946655054	26.577894507647926	27.422296010015785	22.29601001578575	0.0
99.0	23.914065170331547	26.468326307394324	27.167597128859523	22.44929930500171	7.120884128973454E-4
100.0	23.41063977487329	26.795751255887556	27.24137673640917	22.551485791489075	7.464413409072248E-4
101.0	23.56633492672988	26.648381788261112	27.649087062142463	22.13619622286655	0.0
102.0	23.774126023965323	26.70963063077912	26.995599215440656	22.519820012856226	8.241169586787756E-4
103.0	23.40877373945756	27.231357320550938	27.147277817746847	22.212591122244664	0.0
104.0	23.869748244468592	26.4777054359836	27.541525508852992	22.111020810694814	0.0
105.0	23.98366151593388	26.538476359292513	26.840006165465685	22.637855959307927	0.0
106.0	23.595402579935197	26.939536589839214	27.235026797905075	22.230034032320514	0.0
107.0	23.631130132925108	26.956952964132864	27.347211591328062	22.064705311613967	0.0
108.0	23.897609438772594	26.452800420720486	27.314820107695297	22.334770032811623	0.0
109.0	23.57473597219353	27.16721558523632	27.08214333458916	22.17590510798099	0.0
110.0	23.703224135698562	26.856143985497866	27.548879968923995	21.890457076265697	0.0012948336138806163
111.0	24.026925416044673	26.75125780947642	27.03599270194062	22.18582407253829	0.0
112.0	23.53812429646306	26.687007524142427	27.596421588956694	22.176965460039103	0.0014811303987203033
113.0	23.86975499410584	26.52531302768662	27.810877114729028	21.792461847261606	0.0015930162169050881
114.0	24.450587184946087	26.445642469610604	26.969301558958865	22.134468786484447	0.0
115.0	23.931528514280398	27.07786770862406	27.120662387198806	21.868080751697832	0.0018606381989022236
116.0	24.145467791876634	26.972659016857914	27.591929249387814	21.287920182947808	0.002023758929836278
117.0	24.44695910714682	26.472741795912935	27.211608866404845	21.8686902305354	0.0
118.0	24.49424442811658	26.551555228998286	27.114866519715896	21.83443546411952	0.004898359049718345
119.0	24.366243253557215	26.726816769339802	27.61271329662541	21.294226680477564	0.0
120.0	24.985523147724848	26.424065100118867	27.076285392094114	21.514126360062175	0.0
121.0	24.35227783735169	26.87744301082708	27.060776920682137	21.70950223113909	0.0
122.0	25.36127744510978	26.103792415169664	26.926147704590818	21.60878243512974	0.0
123.0	25.48689138576779	26.615168539325847	27.04119850187266	20.85674157303371	0.0
124.0	25.970267816613706	26.29369042215161	26.497957330912392	21.23808443032229	0.0
125.0	26.161001788908766	26.540250447227194	27.284436493738816	20.007155635062613	0.007155635062611807
126.0	27.89813759026986	26.491828202204488	26.263778031166858	19.346256176358796	0.0
127.0	29.435542081709254	26.808142052836725	25.422260718925944	18.334055146528076	0.0
128.0	32.91175625179649	23.05260132221903	25.438344351825236	18.59729807415924	0.0
129.0	29.09090909090909	30.0	21.818181818181817	19.090909090909093	0.0
130.0	23.762376237623762	21.782178217821784	31.683168316831683	22.772277227722775	0.0
131.0	30.0	24.444444444444443	22.22222222222222	23.333333333333332	0.0
132.0	21.518987341772153	22.78481012658228	29.11392405063291	26.582278481012654	0.0
133.0	25.757575757575758	21.21212121212121	30.303030303030305	22.727272727272727	0.0
134.0	21.311475409836063	24.59016393442623	32.78688524590164	21.311475409836063	0.0
135.0	31.372549019607842	21.568627450980394	27.450980392156865	19.607843137254903	0.0
136.0	40.909090909090914	22.727272727272727	22.727272727272727	13.636363636363635	0.0
137.0	15.625	31.25	28.125	25.0	0.0
138.0	30.434782608695656	17.391304347826086	26.08695652173913	26.08695652173913	0.0
139.0	23.076923076923077	23.076923076923077	30.76923076923077	23.076923076923077	0.0
140.0	37.5	12.5	50.0	0.0	0.0
