# Position (bp)	A	C	G	T	N
0.0	26.51006711409396	15.771812080536913	18.456375838926174	39.261744966442954	0.0
1.0	23.154362416107382	13.758389261744966	26.174496644295303	36.91275167785235	0.0
2.0	25.16778523489933	16.10738255033557	21.140939597315437	37.58389261744966	0.0
3.0	32.21476510067114	19.798657718120804	10.40268456375839	37.58389261744966	0.0
4.0	24.161073825503358	18.120805369127517	15.100671140939598	42.61744966442953	0.0
5.0	24.496644295302016	19.798657718120804	21.812080536912752	33.89261744966443	0.0
6.0	30.536912751677853	17.78523489932886	19.798657718120804	31.879194630872483	0.0
7.0	21.812080536912752	24.161073825503358	23.154362416107382	30.87248322147651	0.0
8.0	25.16778523489933	22.14765100671141	22.14765100671141	30.536912751677853	0.0
9.0	27.85234899328859	20.469798657718123	19.12751677852349	32.5503355704698	0.0
10.0	23.48993288590604	21.140939597315437	21.812080536912752	33.557046979865774	0.0
11.0	25.838926174496645	20.80536912751678	26.845637583892618	26.51006711409396	0.0
12.0	24.161073825503358	21.812080536912752	22.818791946308725	31.20805369127517	0.0
13.0	26.174496644295303	19.463087248322147	23.825503355704697	30.536912751677853	0.0
14.0	24.496644295302016	21.140939597315437	25.838926174496645	28.523489932885905	0.0
15.0	27.181208053691275	27.181208053691275	18.79194630872483	26.845637583892618	0.0
16.0	23.48993288590604	27.516778523489933	16.778523489932887	32.21476510067114	0.0
17.0	28.187919463087248	21.476510067114095	22.14765100671141	28.187919463087248	0.0
18.0	29.86577181208054	23.825503355704697	19.12751677852349	27.181208053691275	0.0
19.0	25.838926174496645	22.14765100671141	20.13422818791946	31.879194630872483	0.0
20.0	26.845637583892618	25.838926174496645	25.16778523489933	22.14765100671141	0.0
21.0	30.536912751677853	18.120805369127517	19.798657718120804	31.543624161073826	0.0
22.0	26.51006711409396	19.463087248322147	23.154362416107382	30.87248322147651	0.0
23.0	25.838926174496645	23.48993288590604	23.48993288590604	27.181208053691275	0.0
24.0	26.174496644295303	23.825503355704697	16.778523489932887	33.22147651006711	0.0
25.0	28.187919463087248	18.456375838926174	20.13422818791946	33.22147651006711	0.0
26.0	23.48993288590604	26.51006711409396	19.798657718120804	30.201342281879196	0.0
27.0	29.194630872483224	21.812080536912752	25.503355704697988	23.48993288590604	0.0
28.0	28.859060402684566	21.812080536912752	17.449664429530202	31.879194630872483	0.0
29.0	28.187919463087248	22.818791946308725	25.16778523489933	23.825503355704697	0.0
30.0	27.946127946127948	21.885521885521886	24.242424242424242	25.925925925925924	0.0
31.0	28.040540540540544	27.027027027027028	19.594594594594593	25.33783783783784	0.0
32.0	28.135593220338983	25.423728813559322	17.28813559322034	29.152542372881356	0.0
33.0	26.96245733788396	25.25597269624573	21.160409556313994	26.621160409556317	0.0
34.0	28.52233676975945	23.711340206185564	20.618556701030926	27.147766323024054	0.0
35.0	34.03508771929825	18.596491228070175	20.0	27.368421052631582	0.0
36.0	27.697841726618705	21.58273381294964	26.978417266187048	23.741007194244602	0.0
37.0	31.25	25.36764705882353	17.27941176470588	26.10294117647059	0.0
38.0	32.33082706766917	20.30075187969925	20.30075187969925	27.06766917293233	0.0
39.0	28.735632183908045	23.754789272030653	21.839080459770116	25.67049808429119	0.0
40.0	25.49019607843137	21.176470588235293	21.96078431372549	31.372549019607842	0.0
41.0	29.31726907630522	17.670682730923694	25.301204819277107	27.710843373493976	0.0
42.0	34.74576271186441	18.220338983050848	20.76271186440678	26.27118644067797	0.0
43.0	32.89473684210527	22.36842105263158	17.543859649122805	27.192982456140353	0.0
44.0	30.454545454545457	24.09090909090909	25.454545454545453	20.0	0.0
45.0	34.44976076555024	21.052631578947366	20.574162679425836	23.923444976076556	0.0
46.0	35.858585858585855	20.707070707070706	19.19191919191919	24.242424242424242	0.0
47.0	35.9375	20.3125	16.145833333333336	27.604166666666668	0.0
48.0	38.17204301075269	17.20430107526882	19.892473118279568	24.731182795698924	0.0
49.0	27.932960893854748	26.256983240223462	16.75977653631285	29.05027932960894	0.0
50.0	33.33333333333333	21.839080459770116	18.39080459770115	26.436781609195403	0.0
51.0	33.33333333333333	23.809523809523807	12.5	30.357142857142854	0.0
52.0	29.29936305732484	22.929936305732486	22.29299363057325	25.477707006369428	0.0
53.0	35.374149659863946	19.047619047619047	19.047619047619047	26.53061224489796	0.0
54.0	30.215827338129497	20.863309352517987	18.705035971223023	30.215827338129497	0.0
55.0	28.68217054263566	24.031007751937985	22.48062015503876	24.8062015503876	0.0
56.0	39.2	17.599999999999998	19.2	24.0	0.0
57.0	32.17391304347826	20.869565217391305	24.347826086956523	22.608695652173914	0.0
58.0	32.72727272727273	20.909090909090907	13.636363636363635	32.72727272727273	0.0
59.0	31.0	22.0	19.0	28.000000000000004	0.0
60.0	33.68421052631579	18.947368421052634	14.736842105263156	32.631578947368425	0.0
61.0	31.3953488372093	25.581395348837212	15.11627906976744	27.906976744186046	0.0
62.0	35.80246913580247	19.753086419753085	23.456790123456788	20.98765432098765	0.0
63.0	44.44444444444444	25.0	12.5	18.055555555555554	0.0
64.0	27.941176470588236	16.176470588235293	25.0	30.88235294117647	0.0
65.0	42.64705882352941	14.705882352941178	20.588235294117645	22.058823529411764	0.0
66.0	47.61904761904761	15.873015873015872	22.22222222222222	14.285714285714285	0.0
67.0	41.66666666666667	15.0	18.333333333333332	25.0	0.0
68.0	43.333333333333336	21.666666666666668	18.333333333333332	16.666666666666664	0.0
69.0	39.62264150943396	24.528301886792452	15.09433962264151	20.754716981132077	0.0
70.0	32.69230769230769	13.461538461538462	30.76923076923077	23.076923076923077	0.0
71.0	26.0	30.0	20.0	24.0	0.0
72.0	27.659574468085108	29.78723404255319	12.76595744680851	29.78723404255319	0.0
73.0	25.581395348837212	23.25581395348837	20.930232558139537	30.23255813953488	0.0
74.0	35.714285714285715	28.57142857142857	21.428571428571427	14.285714285714285	0.0
75.0	26.190476190476193	19.047619047619047	28.57142857142857	26.190476190476193	0.0
76.0	23.076923076923077	23.076923076923077	17.94871794871795	35.8974358974359	0.0
77.0	27.027027027027028	24.324324324324326	18.91891891891892	29.72972972972973	0.0
78.0	41.17647058823529	20.588235294117645	17.647058823529413	20.588235294117645	0.0
79.0	29.03225806451613	9.67741935483871	22.58064516129032	38.70967741935484	0.0
80.0	34.48275862068966	13.793103448275861	24.137931034482758	27.586206896551722	0.0
81.0	29.629629629629626	25.925925925925924	22.22222222222222	22.22222222222222	0.0
82.0	27.27272727272727	9.090909090909092	22.727272727272727	40.909090909090914	0.0
83.0	19.047619047619047	19.047619047619047	19.047619047619047	42.857142857142854	0.0
84.0	33.33333333333333	11.11111111111111	33.33333333333333	22.22222222222222	0.0
85.0	16.666666666666664	22.22222222222222	44.44444444444444	16.666666666666664	0.0
86.0	23.52941176470588	17.647058823529413	29.411764705882355	29.411764705882355	0.0
87.0	13.333333333333334	20.0	26.666666666666668	40.0	0.0
88.0	35.714285714285715	21.428571428571427	14.285714285714285	28.57142857142857	0.0
89.0	41.66666666666667	0.0	25.0	33.33333333333333	0.0
90.0	8.333333333333332	0.0	41.66666666666667	50.0	0.0
91.0	16.666666666666664	33.33333333333333	16.666666666666664	33.33333333333333	0.0
92.0	9.090909090909092	18.181818181818183	36.36363636363637	36.36363636363637	0.0
93.0	50.0	10.0	20.0	20.0	0.0
94.0	20.0	10.0	0.0	70.0	0.0
95.0	10.0	30.0	20.0	40.0	0.0
96.0	44.44444444444444	11.11111111111111	0.0	44.44444444444444	0.0
97.0	12.5	12.5	50.0	25.0	0.0
98.0	62.5	12.5	25.0	0.0	0.0
99.0	28.57142857142857	0.0	42.857142857142854	28.57142857142857	0.0
100.0	42.857142857142854	28.57142857142857	0.0	28.57142857142857	0.0
101.0	71.42857142857143	14.285714285714285	14.285714285714285	0.0	0.0
102.0	42.857142857142854	14.285714285714285	28.57142857142857	14.285714285714285	0.0
103.0	14.285714285714285	0.0	42.857142857142854	42.857142857142854	0.0
104.0	28.57142857142857	0.0	42.857142857142854	28.57142857142857	0.0
105.0	57.14285714285714	14.285714285714285	14.285714285714285	14.285714285714285	0.0
106.0	42.857142857142854	14.285714285714285	14.285714285714285	28.57142857142857	0.0
107.0	14.285714285714285	14.285714285714285	57.14285714285714	14.285714285714285	0.0
108.0	28.57142857142857	28.57142857142857	14.285714285714285	28.57142857142857	0.0
109.0	28.57142857142857	14.285714285714285	57.14285714285714	0.0	0.0
110.0	57.14285714285714	14.285714285714285	0.0	28.57142857142857	0.0
111.0	14.285714285714285	28.57142857142857	14.285714285714285	42.857142857142854	0.0
112.0	20.0	0.0	20.0	60.0	0.0
113.0	50.0	0.0	0.0	50.0	0.0
114.0	0.0	50.0	0.0	50.0	0.0
115.0	50.0	0.0	0.0	50.0	0.0
116.0	0.0	66.66666666666666	33.33333333333333	0.0	0.0
117.0	100.0	0.0	0.0	0.0	0.0
118.0	33.33333333333333	33.33333333333333	0.0	33.33333333333333	0.0
119.0	33.33333333333333	66.66666666666666	0.0	0.0	0.0
120.0	66.66666666666666	0.0	33.33333333333333	0.0	0.0
121.0	0.0	66.66666666666666	33.33333333333333	0.0	0.0
122.0	0.0	66.66666666666666	33.33333333333333	0.0	0.0
123.0	66.66666666666666	33.33333333333333	0.0	0.0	0.0
124.0	50.0	0.0	50.0	0.0	0.0
125.0	100.0	0.0	0.0	0.0	0.0
126.0	100.0	0.0	0.0	0.0	0.0
