# Position (bp)	A	C	G	T	N
0.0	26.153846153846157	7.6923076923076925	24.615384615384617	41.53846153846154	0.0
1.0	27.692307692307693	16.923076923076923	20.0	35.38461538461539	0.0
2.0	33.84615384615385	21.53846153846154	18.461538461538463	26.153846153846157	0.0
3.0	36.92307692307693	16.923076923076923	9.230769230769232	36.92307692307693	0.0
4.0	27.692307692307693	24.615384615384617	26.153846153846157	21.53846153846154	0.0
5.0	33.84615384615385	20.0	10.76923076923077	35.38461538461539	0.0
6.0	29.230769230769234	15.384615384615385	23.076923076923077	32.30769230769231	0.0
7.0	26.153846153846157	20.0	23.076923076923077	30.76923076923077	0.0
8.0	32.30769230769231	20.0	18.461538461538463	29.230769230769234	0.0
9.0	20.0	24.615384615384617	21.53846153846154	33.84615384615385	0.0
10.0	40.0	13.846153846153847	23.076923076923077	23.076923076923077	0.0
11.0	24.615384615384617	30.76923076923077	20.0	24.615384615384617	0.0
12.0	30.76923076923077	13.846153846153847	18.461538461538463	36.92307692307693	0.0
13.0	23.076923076923077	20.0	26.153846153846157	30.76923076923077	0.0
14.0	27.692307692307693	26.153846153846157	20.0	26.153846153846157	0.0
15.0	24.615384615384617	29.230769230769234	18.461538461538463	27.692307692307693	0.0
16.0	26.153846153846157	23.076923076923077	16.923076923076923	33.84615384615385	0.0
17.0	26.153846153846157	26.153846153846157	10.76923076923077	36.92307692307693	0.0
18.0	21.53846153846154	24.615384615384617	23.076923076923077	30.76923076923077	0.0
19.0	24.615384615384617	27.692307692307693	21.53846153846154	26.153846153846157	0.0
20.0	38.46153846153847	16.923076923076923	18.461538461538463	26.153846153846157	0.0
21.0	33.84615384615385	18.461538461538463	20.0	27.692307692307693	0.0
22.0	32.30769230769231	21.53846153846154	27.692307692307693	18.461538461538463	0.0
23.0	29.230769230769234	15.384615384615385	21.53846153846154	33.84615384615385	0.0
24.0	16.923076923076923	26.153846153846157	16.923076923076923	40.0	0.0
25.0	24.615384615384617	26.153846153846157	20.0	29.230769230769234	0.0
26.0	20.0	33.84615384615385	23.076923076923077	23.076923076923077	0.0
27.0	30.76923076923077	32.30769230769231	9.230769230769232	27.692307692307693	0.0
28.0	36.92307692307693	21.53846153846154	15.384615384615385	26.153846153846157	0.0
29.0	30.76923076923077	26.153846153846157	21.53846153846154	21.53846153846154	0.0
30.0	20.0	21.53846153846154	21.53846153846154	36.92307692307693	0.0
31.0	30.76923076923077	26.153846153846157	16.923076923076923	26.153846153846157	0.0
32.0	33.84615384615385	20.0	18.461538461538463	27.692307692307693	0.0
33.0	30.76923076923077	23.076923076923077	18.461538461538463	27.692307692307693	0.0
34.0	31.25	23.4375	18.75	26.5625	0.0
35.0	33.33333333333333	23.809523809523807	12.698412698412698	30.158730158730158	0.0
36.0	34.92063492063492	23.809523809523807	20.634920634920633	20.634920634920633	0.0
37.0	38.70967741935484	19.35483870967742	14.516129032258066	27.419354838709676	0.0
38.0	24.193548387096776	22.58064516129032	19.35483870967742	33.87096774193548	0.0
39.0	31.666666666666664	21.666666666666668	15.0	31.666666666666664	0.0
40.0	34.48275862068966	13.793103448275861	18.96551724137931	32.758620689655174	0.0
41.0	34.48275862068966	18.96551724137931	22.413793103448278	24.137931034482758	0.0
42.0	24.561403508771928	22.807017543859647	24.561403508771928	28.07017543859649	0.0
43.0	33.92857142857143	16.071428571428573	25.0	25.0	0.0
44.0	30.909090909090907	29.09090909090909	18.181818181818183	21.818181818181817	0.0
45.0	35.18518518518518	20.37037037037037	11.11111111111111	33.33333333333333	0.0
46.0	35.18518518518518	16.666666666666664	18.51851851851852	29.629629629629626	0.0
47.0	28.846153846153843	19.230769230769234	19.230769230769234	32.69230769230769	0.0
48.0	20.0	26.0	22.0	32.0	0.0
49.0	34.0	16.0	28.000000000000004	22.0	0.0
50.0	34.69387755102041	22.448979591836736	20.408163265306122	22.448979591836736	0.0
51.0	40.42553191489361	23.404255319148938	19.148936170212767	17.02127659574468	0.0
52.0	32.608695652173914	23.91304347826087	23.91304347826087	19.565217391304348	0.0
53.0	31.818181818181817	20.454545454545457	18.181818181818183	29.545454545454547	0.0
54.0	39.53488372093023	13.953488372093023	20.930232558139537	25.581395348837212	0.0
55.0	24.390243902439025	29.268292682926827	31.70731707317073	14.634146341463413	0.0
56.0	35.8974358974359	15.384615384615385	12.82051282051282	35.8974358974359	0.0
57.0	37.83783783783784	18.91891891891892	16.216216216216218	27.027027027027028	0.0
58.0	40.0	20.0	20.0	20.0	0.0
59.0	32.25806451612903	29.03225806451613	16.129032258064516	22.58064516129032	0.0
60.0	33.33333333333333	22.22222222222222	25.925925925925924	18.51851851851852	0.0
61.0	23.076923076923077	19.230769230769234	11.538461538461538	46.15384615384615	0.0
62.0	34.61538461538461	26.923076923076923	11.538461538461538	26.923076923076923	0.0
63.0	30.76923076923077	26.923076923076923	11.538461538461538	30.76923076923077	0.0
64.0	16.0	24.0	32.0	28.000000000000004	0.0
65.0	26.08695652173913	39.130434782608695	26.08695652173913	8.695652173913043	0.0
66.0	26.08695652173913	21.73913043478261	21.73913043478261	30.434782608695656	0.0
67.0	30.434782608695656	30.434782608695656	26.08695652173913	13.043478260869565	0.0
68.0	27.27272727272727	27.27272727272727	18.181818181818183	27.27272727272727	0.0
69.0	18.181818181818183	31.818181818181817	40.909090909090914	9.090909090909092	0.0
70.0	18.181818181818183	4.545454545454546	31.818181818181817	45.45454545454545	0.0
71.0	23.809523809523807	28.57142857142857	19.047619047619047	28.57142857142857	0.0
72.0	45.0	15.0	25.0	15.0	0.0
73.0	45.0	5.0	15.0	35.0	0.0
74.0	11.11111111111111	22.22222222222222	33.33333333333333	33.33333333333333	0.0
75.0	27.77777777777778	22.22222222222222	16.666666666666664	33.33333333333333	0.0
76.0	25.0	12.5	25.0	37.5	0.0
77.0	12.5	43.75	25.0	18.75	0.0
78.0	50.0	18.75	0.0	31.25	0.0
79.0	26.666666666666668	20.0	33.33333333333333	20.0	0.0
80.0	46.666666666666664	13.333333333333334	20.0	20.0	0.0
81.0	20.0	26.666666666666668	33.33333333333333	20.0	0.0
82.0	46.15384615384615	7.6923076923076925	23.076923076923077	23.076923076923077	0.0
83.0	36.36363636363637	27.27272727272727	18.181818181818183	18.181818181818183	0.0
84.0	18.181818181818183	36.36363636363637	9.090909090909092	36.36363636363637	0.0
85.0	36.36363636363637	36.36363636363637	18.181818181818183	9.090909090909092	0.0
86.0	27.27272727272727	9.090909090909092	27.27272727272727	36.36363636363637	0.0
87.0	54.54545454545454	18.181818181818183	0.0	27.27272727272727	0.0
88.0	20.0	20.0	40.0	20.0	0.0
89.0	40.0	0.0	30.0	30.0	0.0
90.0	33.33333333333333	11.11111111111111	22.22222222222222	33.33333333333333	0.0
91.0	14.285714285714285	0.0	42.857142857142854	42.857142857142854	0.0
92.0	28.57142857142857	14.285714285714285	28.57142857142857	28.57142857142857	0.0
93.0	14.285714285714285	0.0	42.857142857142854	42.857142857142854	0.0
94.0	42.857142857142854	14.285714285714285	42.857142857142854	0.0	0.0
95.0	57.14285714285714	0.0	28.57142857142857	14.285714285714285	0.0
96.0	71.42857142857143	14.285714285714285	14.285714285714285	0.0	0.0
97.0	33.33333333333333	0.0	16.666666666666664	50.0	0.0
98.0	66.66666666666666	0.0	16.666666666666664	16.666666666666664	0.0
99.0	40.0	20.0	40.0	0.0	0.0
100.0	40.0	0.0	40.0	20.0	0.0
101.0	20.0	20.0	20.0	40.0	0.0
102.0	20.0	20.0	40.0	20.0	0.0
103.0	40.0	0.0	40.0	20.0	0.0
104.0	40.0	0.0	60.0	0.0	0.0
105.0	40.0	20.0	40.0	0.0	0.0
106.0	0.0	20.0	60.0	20.0	0.0
107.0	40.0	20.0	20.0	20.0	0.0
108.0	0.0	40.0	20.0	40.0	0.0
109.0	0.0	0.0	40.0	60.0	0.0
110.0	60.0	20.0	0.0	20.0	0.0
111.0	20.0	40.0	40.0	0.0	0.0
112.0	0.0	0.0	25.0	75.0	0.0
113.0	50.0	0.0	0.0	50.0	0.0
114.0	25.0	25.0	25.0	25.0	0.0
115.0	50.0	0.0	25.0	25.0	0.0
116.0	50.0	25.0	25.0	0.0	0.0
117.0	50.0	25.0	0.0	25.0	0.0
118.0	0.0	25.0	25.0	50.0	0.0
119.0	25.0	0.0	50.0	25.0	0.0
120.0	50.0	0.0	0.0	50.0	0.0
121.0	25.0	0.0	75.0	0.0	0.0
122.0	50.0	0.0	0.0	50.0	0.0
123.0	25.0	0.0	50.0	25.0	0.0
124.0	50.0	0.0	25.0	25.0	0.0
125.0	50.0	25.0	0.0	25.0	0.0
126.0	0.0	50.0	0.0	50.0	0.0
127.0	50.0	25.0	0.0	25.0	0.0
128.0	25.0	50.0	25.0	0.0	0.0
129.0	0.0	33.33333333333333	0.0	66.66666666666666	0.0
130.0	50.0	0.0	0.0	50.0	0.0
131.0	100.0	0.0	0.0	0.0	0.0
132.0	50.0	0.0	50.0	0.0	0.0
133.0	0.0	0.0	0.0	100.0	0.0
134.0	0.0	0.0	0.0	100.0	0.0
