# Position (bp)	A	C	G	T	N
0.0	22.22222222222222	22.22222222222222	29.629629629629626	25.925925925925924	0.0
1.0	29.629629629629626	25.925925925925924	14.814814814814813	29.629629629629626	0.0
2.0	18.51851851851852	37.03703703703704	22.22222222222222	22.22222222222222	0.0
3.0	40.74074074074074	22.22222222222222	18.51851851851852	18.51851851851852	0.0
4.0	14.814814814814813	44.44444444444444	22.22222222222222	18.51851851851852	0.0
5.0	11.11111111111111	14.814814814814813	37.03703703703704	37.03703703703704	0.0
6.0	22.22222222222222	25.925925925925924	37.03703703703704	14.814814814814813	0.0
7.0	25.925925925925924	22.22222222222222	22.22222222222222	29.629629629629626	0.0
8.0	18.51851851851852	22.22222222222222	29.629629629629626	29.629629629629626	0.0
9.0	37.03703703703704	22.22222222222222	18.51851851851852	22.22222222222222	0.0
10.0	29.629629629629626	18.51851851851852	22.22222222222222	29.629629629629626	0.0
11.0	33.33333333333333	11.11111111111111	22.22222222222222	33.33333333333333	0.0
12.0	44.44444444444444	11.11111111111111	14.814814814814813	29.629629629629626	0.0
13.0	14.814814814814813	25.925925925925924	29.629629629629626	29.629629629629626	0.0
14.0	29.629629629629626	11.11111111111111	18.51851851851852	40.74074074074074	0.0
15.0	33.33333333333333	14.814814814814813	25.925925925925924	25.925925925925924	0.0
16.0	25.925925925925924	18.51851851851852	22.22222222222222	33.33333333333333	0.0
17.0	25.925925925925924	14.814814814814813	29.629629629629626	29.629629629629626	0.0
18.0	22.22222222222222	22.22222222222222	29.629629629629626	25.925925925925924	0.0
19.0	22.22222222222222	25.925925925925924	11.11111111111111	40.74074074074074	0.0
20.0	25.925925925925924	25.925925925925924	37.03703703703704	11.11111111111111	0.0
21.0	40.74074074074074	25.925925925925924	11.11111111111111	22.22222222222222	0.0
22.0	40.74074074074074	22.22222222222222	18.51851851851852	18.51851851851852	0.0
23.0	44.44444444444444	25.925925925925924	14.814814814814813	14.814814814814813	0.0
24.0	22.22222222222222	25.925925925925924	18.51851851851852	33.33333333333333	0.0
25.0	25.925925925925924	11.11111111111111	33.33333333333333	29.629629629629626	0.0
26.0	29.629629629629626	11.11111111111111	25.925925925925924	33.33333333333333	0.0
27.0	29.629629629629626	25.925925925925924	22.22222222222222	22.22222222222222	0.0
28.0	44.44444444444444	22.22222222222222	14.814814814814813	18.51851851851852	0.0
29.0	22.22222222222222	29.629629629629626	22.22222222222222	25.925925925925924	0.0
30.0	25.925925925925924	25.925925925925924	11.11111111111111	37.03703703703704	0.0
31.0	18.51851851851852	14.814814814814813	25.925925925925924	40.74074074074074	0.0
32.0	37.03703703703704	11.11111111111111	22.22222222222222	29.629629629629626	0.0
33.0	37.03703703703704	14.814814814814813	22.22222222222222	25.925925925925924	0.0
34.0	18.51851851851852	33.33333333333333	11.11111111111111	37.03703703703704	0.0
35.0	25.925925925925924	18.51851851851852	29.629629629629626	25.925925925925924	0.0
36.0	23.076923076923077	15.384615384615385	23.076923076923077	38.46153846153847	0.0
37.0	38.46153846153847	23.076923076923077	23.076923076923077	15.384615384615385	0.0
38.0	19.230769230769234	19.230769230769234	38.46153846153847	23.076923076923077	0.0
39.0	44.0	16.0	16.0	24.0	0.0
40.0	36.0	12.0	12.0	40.0	0.0
41.0	28.000000000000004	36.0	24.0	12.0	0.0
42.0	32.0	16.0	16.0	36.0	0.0
43.0	20.0	20.0	20.0	40.0	0.0
44.0	40.0	24.0	24.0	12.0	0.0
45.0	30.434782608695656	21.73913043478261	17.391304347826086	30.434782608695656	0.0
46.0	35.0	30.0	25.0	10.0	0.0
47.0	20.0	20.0	30.0	30.0	0.0
48.0	35.0	30.0	15.0	20.0	0.0
49.0	21.052631578947366	26.31578947368421	36.84210526315789	15.789473684210526	0.0
50.0	27.77777777777778	22.22222222222222	22.22222222222222	27.77777777777778	0.0
51.0	44.44444444444444	16.666666666666664	16.666666666666664	22.22222222222222	0.0
52.0	16.666666666666664	33.33333333333333	11.11111111111111	38.88888888888889	0.0
53.0	17.647058823529413	23.52941176470588	41.17647058823529	17.647058823529413	0.0
54.0	35.294117647058826	35.294117647058826	11.76470588235294	17.647058823529413	0.0
55.0	23.52941176470588	11.76470588235294	35.294117647058826	29.411764705882355	0.0
56.0	17.647058823529413	17.647058823529413	17.647058823529413	47.05882352941176	0.0
57.0	23.52941176470588	29.411764705882355	17.647058823529413	29.411764705882355	0.0
58.0	35.294117647058826	17.647058823529413	11.76470588235294	35.294117647058826	0.0
59.0	25.0	18.75	25.0	31.25	0.0
60.0	33.33333333333333	20.0	20.0	26.666666666666668	0.0
61.0	26.666666666666668	33.33333333333333	20.0	20.0	0.0
62.0	21.428571428571427	28.57142857142857	21.428571428571427	28.57142857142857	0.0
63.0	21.428571428571427	28.57142857142857	21.428571428571427	28.57142857142857	0.0
64.0	28.57142857142857	28.57142857142857	35.714285714285715	7.142857142857142	0.0
65.0	23.076923076923077	23.076923076923077	23.076923076923077	30.76923076923077	0.0
66.0	16.666666666666664	25.0	33.33333333333333	25.0	0.0
67.0	50.0	8.333333333333332	25.0	16.666666666666664	0.0
68.0	27.27272727272727	27.27272727272727	9.090909090909092	36.36363636363637	0.0
69.0	27.27272727272727	27.27272727272727	27.27272727272727	18.181818181818183	0.0
70.0	27.27272727272727	9.090909090909092	27.27272727272727	36.36363636363637	0.0
71.0	18.181818181818183	36.36363636363637	9.090909090909092	36.36363636363637	0.0
72.0	9.090909090909092	45.45454545454545	27.27272727272727	18.181818181818183	0.0
73.0	36.36363636363637	27.27272727272727	18.181818181818183	18.181818181818183	0.0
74.0	10.0	20.0	50.0	20.0	0.0
75.0	40.0	10.0	40.0	10.0	0.0
76.0	0.0	40.0	30.0	30.0	0.0
77.0	40.0	10.0	20.0	30.0	0.0
78.0	33.33333333333333	22.22222222222222	0.0	44.44444444444444	0.0
79.0	33.33333333333333	0.0	33.33333333333333	33.33333333333333	0.0
80.0	22.22222222222222	11.11111111111111	22.22222222222222	44.44444444444444	0.0
81.0	44.44444444444444	11.11111111111111	33.33333333333333	11.11111111111111	0.0
82.0	37.5	12.5	37.5	12.5	0.0
83.0	28.57142857142857	42.857142857142854	28.57142857142857	0.0	0.0
84.0	42.857142857142854	0.0	42.857142857142854	14.285714285714285	0.0
85.0	28.57142857142857	14.285714285714285	14.285714285714285	42.857142857142854	0.0
86.0	14.285714285714285	0.0	28.57142857142857	57.14285714285714	0.0
87.0	42.857142857142854	0.0	14.285714285714285	42.857142857142854	0.0
88.0	14.285714285714285	14.285714285714285	28.57142857142857	42.857142857142854	0.0
89.0	42.857142857142854	14.285714285714285	28.57142857142857	14.285714285714285	0.0
90.0	33.33333333333333	33.33333333333333	33.33333333333333	0.0	0.0
91.0	33.33333333333333	33.33333333333333	16.666666666666664	16.666666666666664	0.0
92.0	20.0	40.0	20.0	20.0	0.0
93.0	40.0	20.0	0.0	40.0	0.0
94.0	20.0	0.0	40.0	40.0	0.0
95.0	0.0	25.0	0.0	75.0	0.0
96.0	50.0	25.0	25.0	0.0	0.0
97.0	33.33333333333333	0.0	33.33333333333333	33.33333333333333	0.0
98.0	33.33333333333333	66.66666666666666	0.0	0.0	0.0
99.0	66.66666666666666	0.0	0.0	33.33333333333333	0.0
100.0	0.0	100.0	0.0	0.0	0.0
101.0	0.0	100.0	0.0	0.0	0.0
102.0	50.0	50.0	0.0	0.0	0.0
103.0	50.0	50.0	0.0	0.0	0.0
104.0	0.0	50.0	50.0	0.0	0.0
105.0	50.0	50.0	0.0	0.0	0.0
106.0	50.0	50.0	0.0	0.0	0.0
107.0	0.0	0.0	50.0	50.0	0.0
108.0	100.0	0.0	0.0	0.0	0.0
109.0	100.0	0.0	0.0	0.0	0.0
110.0	0.0	0.0	0.0	100.0	0.0
111.0	100.0	0.0	0.0	0.0	0.0
112.0	0.0	0.0	0.0	100.0	0.0
113.0	100.0	0.0	0.0	0.0	0.0
114.0	0.0	100.0	0.0	0.0	0.0
115.0	0.0	100.0	0.0	0.0	0.0
116.0	100.0	0.0	0.0	0.0	0.0
117.0	100.0	0.0	0.0	0.0	0.0
118.0	0.0	0.0	100.0	0.0	0.0
119.0	0.0	0.0	100.0	0.0	0.0
120.0	100.0	0.0	0.0	0.0	0.0
121.0	0.0	100.0	0.0	0.0	0.0
