# Position (bp)	A	C	G	T	N
0.0	21.153846153846153	22.115384615384613	34.61538461538461	22.115384615384613	0.0
1.0	5.769230769230769	37.5	37.5	19.230769230769234	0.0
2.0	16.346153846153847	26.923076923076923	28.846153846153843	27.884615384615387	0.0
3.0	25.961538461538463	26.923076923076923	21.153846153846153	25.961538461538463	0.0
4.0	27.884615384615387	22.115384615384613	28.846153846153843	21.153846153846153	0.0
5.0	15.384615384615385	30.76923076923077	33.65384615384615	20.192307692307693	0.0
6.0	21.153846153846153	27.884615384615387	20.192307692307693	30.76923076923077	0.0
7.0	21.153846153846153	24.03846153846154	35.57692307692308	19.230769230769234	0.0
8.0	33.65384615384615	25.961538461538463	18.269230769230766	22.115384615384613	0.0
9.0	25.961538461538463	26.923076923076923	30.76923076923077	16.346153846153847	0.0
10.0	26.923076923076923	19.230769230769234	26.923076923076923	26.923076923076923	0.0
11.0	30.76923076923077	26.923076923076923	25.961538461538463	16.346153846153847	0.0
12.0	25.0	25.961538461538463	21.153846153846153	27.884615384615387	0.0
13.0	17.307692307692307	26.923076923076923	32.69230769230769	23.076923076923077	0.0
14.0	25.961538461538463	20.192307692307693	33.65384615384615	20.192307692307693	0.0
15.0	19.230769230769234	24.03846153846154	36.53846153846153	20.192307692307693	0.0
16.0	18.269230769230766	18.269230769230766	35.57692307692308	27.884615384615387	0.0
17.0	22.115384615384613	28.846153846153843	23.076923076923077	25.961538461538463	0.0
18.0	21.153846153846153	19.230769230769234	36.53846153846153	23.076923076923077	0.0
19.0	30.76923076923077	26.923076923076923	22.115384615384613	20.192307692307693	0.0
20.0	19.230769230769234	29.807692307692307	24.03846153846154	26.923076923076923	0.0
21.0	25.961538461538463	27.884615384615387	23.076923076923077	23.076923076923077	0.0
22.0	26.923076923076923	29.807692307692307	24.03846153846154	19.230769230769234	0.0
23.0	23.076923076923077	33.65384615384615	25.0	18.269230769230766	0.0
24.0	29.807692307692307	27.884615384615387	21.153846153846153	21.153846153846153	0.0
25.0	24.03846153846154	30.76923076923077	20.192307692307693	25.0	0.0
26.0	18.269230769230766	28.846153846153843	25.0	27.884615384615387	0.0
27.0	29.807692307692307	20.192307692307693	19.230769230769234	30.76923076923077	0.0
28.0	25.961538461538463	35.57692307692308	20.192307692307693	18.269230769230766	0.0
29.0	28.846153846153843	25.0	20.192307692307693	25.961538461538463	0.0
30.0	21.568627450980394	34.31372549019608	20.588235294117645	23.52941176470588	0.0
31.0	24.489795918367346	30.612244897959183	27.55102040816326	17.346938775510203	0.0
32.0	30.526315789473685	21.052631578947366	23.157894736842106	25.263157894736842	0.0
33.0	23.157894736842106	35.78947368421053	18.947368421052634	22.105263157894736	0.0
34.0	29.545454545454547	27.27272727272727	22.727272727272727	20.454545454545457	0.0
35.0	26.506024096385545	27.710843373493976	27.710843373493976	18.072289156626507	0.0
36.0	16.43835616438356	23.28767123287671	43.83561643835616	16.43835616438356	0.0
37.0	17.647058823529413	42.64705882352941	29.411764705882355	10.294117647058822	0.0
38.0	26.5625	31.25	25.0	17.1875	0.0
39.0	32.25806451612903	22.58064516129032	29.03225806451613	16.129032258064516	0.0
40.0	22.807017543859647	35.08771929824561	26.31578947368421	15.789473684210526	0.0
41.0	15.09433962264151	32.075471698113205	20.754716981132077	32.075471698113205	0.0
42.0	33.33333333333333	25.0	20.833333333333336	20.833333333333336	0.0
43.0	25.581395348837212	25.581395348837212	27.906976744186046	20.930232558139537	0.0
44.0	7.142857142857142	38.095238095238095	33.33333333333333	21.428571428571427	0.0
45.0	30.76923076923077	15.384615384615385	30.76923076923077	23.076923076923077	0.0
46.0	19.444444444444446	27.77777777777778	30.555555555555557	22.22222222222222	0.0
47.0	23.52941176470588	17.647058823529413	32.35294117647059	26.47058823529412	0.0
48.0	12.903225806451612	29.03225806451613	41.935483870967744	16.129032258064516	0.0
49.0	26.923076923076923	30.76923076923077	23.076923076923077	19.230769230769234	0.0
50.0	16.0	28.000000000000004	28.000000000000004	28.000000000000004	0.0
51.0	22.727272727272727	40.909090909090914	22.727272727272727	13.636363636363635	0.0
52.0	23.809523809523807	19.047619047619047	28.57142857142857	28.57142857142857	0.0
53.0	31.57894736842105	15.789473684210526	31.57894736842105	21.052631578947366	0.0
54.0	26.31578947368421	21.052631578947366	36.84210526315789	15.789473684210526	0.0
55.0	23.52941176470588	35.294117647058826	23.52941176470588	17.647058823529413	0.0
56.0	41.17647058823529	23.52941176470588	23.52941176470588	11.76470588235294	0.0
57.0	31.25	43.75	12.5	12.5	0.0
58.0	28.57142857142857	42.857142857142854	28.57142857142857	0.0	0.0
59.0	27.27272727272727	36.36363636363637	27.27272727272727	9.090909090909092	0.0
60.0	18.181818181818183	45.45454545454545	9.090909090909092	27.27272727272727	0.0
61.0	9.090909090909092	27.27272727272727	45.45454545454545	18.181818181818183	0.0
62.0	36.36363636363637	45.45454545454545	0.0	18.181818181818183	0.0
63.0	18.181818181818183	27.27272727272727	27.27272727272727	27.27272727272727	0.0
64.0	45.45454545454545	27.27272727272727	18.181818181818183	9.090909090909092	0.0
65.0	14.285714285714285	0.0	28.57142857142857	57.14285714285714	0.0
66.0	16.666666666666664	33.33333333333333	33.33333333333333	16.666666666666664	0.0
67.0	0.0	33.33333333333333	33.33333333333333	33.33333333333333	0.0
68.0	0.0	50.0	50.0	0.0	0.0
69.0	16.666666666666664	0.0	50.0	33.33333333333333	0.0
70.0	16.666666666666664	66.66666666666666	16.666666666666664	0.0	0.0
71.0	50.0	33.33333333333333	0.0	16.666666666666664	0.0
72.0	16.666666666666664	50.0	0.0	33.33333333333333	0.0
73.0	16.666666666666664	50.0	0.0	33.33333333333333	0.0
74.0	33.33333333333333	16.666666666666664	16.666666666666664	33.33333333333333	0.0
75.0	16.666666666666664	50.0	33.33333333333333	0.0	0.0
76.0	33.33333333333333	33.33333333333333	16.666666666666664	16.666666666666664	0.0
77.0	20.0	0.0	80.0	0.0	0.0
78.0	0.0	40.0	0.0	60.0	0.0
79.0	0.0	75.0	25.0	0.0	0.0
80.0	100.0	0.0	0.0	0.0	0.0
81.0	0.0	50.0	0.0	50.0	0.0
82.0	0.0	50.0	0.0	50.0	0.0
83.0	0.0	0.0	0.0	100.0	0.0
84.0	0.0	0.0	100.0	0.0	0.0
85.0	0.0	100.0	0.0	0.0	0.0
86.0	0.0	0.0	100.0	0.0	0.0
87.0	0.0	0.0	0.0	100.0	0.0
88.0	0.0	0.0	0.0	100.0	0.0
89.0	0.0	0.0	100.0	0.0	0.0
90.0	0.0	0.0	100.0	0.0	0.0
91.0	0.0	0.0	0.0	100.0	0.0
92.0	0.0	0.0	0.0	100.0	0.0
93.0	0.0	100.0	0.0	0.0	0.0
94.0	0.0	0.0	0.0	100.0	0.0
95.0	0.0	0.0	0.0	100.0	0.0
96.0	0.0	100.0	0.0	0.0	0.0
97.0	0.0	100.0	0.0	0.0	0.0
