# Position (bp)	A	C	G	T	N
0.0	29.230769230769234	24.615384615384617	35.38461538461539	10.76923076923077	0.0
1.0	29.230769230769234	24.615384615384617	27.692307692307693	18.461538461538463	0.0
2.0	24.615384615384617	23.076923076923077	36.92307692307693	15.384615384615385	0.0
3.0	27.692307692307693	23.076923076923077	27.692307692307693	21.53846153846154	0.0
4.0	33.84615384615385	18.461538461538463	23.076923076923077	24.615384615384617	0.0
5.0	27.692307692307693	20.0	32.30769230769231	20.0	0.0
6.0	29.230769230769234	21.53846153846154	27.692307692307693	21.53846153846154	0.0
7.0	27.692307692307693	24.615384615384617	26.153846153846157	21.53846153846154	0.0
8.0	12.307692307692308	44.61538461538462	26.153846153846157	16.923076923076923	0.0
9.0	18.461538461538463	30.76923076923077	29.230769230769234	21.53846153846154	0.0
10.0	21.53846153846154	27.692307692307693	27.692307692307693	23.076923076923077	0.0
11.0	15.384615384615385	23.076923076923077	36.92307692307693	24.615384615384617	0.0
12.0	18.461538461538463	32.30769230769231	23.076923076923077	26.153846153846157	0.0
13.0	30.76923076923077	16.923076923076923	29.230769230769234	23.076923076923077	0.0
14.0	21.53846153846154	20.0	44.61538461538462	13.846153846153847	0.0
15.0	15.384615384615385	40.0	24.615384615384617	20.0	0.0
16.0	16.923076923076923	20.0	40.0	23.076923076923077	0.0
17.0	21.53846153846154	29.230769230769234	35.38461538461539	13.846153846153847	0.0
18.0	27.692307692307693	24.615384615384617	27.692307692307693	20.0	0.0
19.0	24.615384615384617	26.153846153846157	26.153846153846157	23.076923076923077	0.0
20.0	18.461538461538463	32.30769230769231	26.153846153846157	23.076923076923077	0.0
21.0	20.0	24.615384615384617	23.076923076923077	32.30769230769231	0.0
22.0	18.461538461538463	29.230769230769234	29.230769230769234	23.076923076923077	0.0
23.0	20.0	26.153846153846157	36.92307692307693	16.923076923076923	0.0
24.0	18.461538461538463	35.38461538461539	26.153846153846157	20.0	0.0
25.0	23.076923076923077	26.153846153846157	27.692307692307693	23.076923076923077	0.0
26.0	21.53846153846154	30.76923076923077	33.84615384615385	13.846153846153847	0.0
27.0	20.0	24.615384615384617	35.38461538461539	20.0	0.0
28.0	33.84615384615385	24.615384615384617	20.0	21.53846153846154	0.0
29.0	24.615384615384617	21.53846153846154	26.153846153846157	27.692307692307693	0.0
30.0	30.64516129032258	32.25806451612903	22.58064516129032	14.516129032258066	0.0
31.0	30.0	20.0	21.666666666666668	28.333333333333332	0.0
32.0	20.0	38.333333333333336	23.333333333333332	18.333333333333332	0.0
33.0	20.754716981132077	41.509433962264154	26.41509433962264	11.320754716981133	0.0
34.0	16.0	24.0	44.0	16.0	0.0
35.0	17.77777777777778	35.55555555555556	20.0	26.666666666666668	0.0
36.0	34.146341463414636	19.51219512195122	19.51219512195122	26.82926829268293	0.0
37.0	25.0	35.0	27.500000000000004	12.5	0.0
38.0	16.666666666666664	33.33333333333333	27.77777777777778	22.22222222222222	0.0
39.0	33.33333333333333	30.303030303030305	15.151515151515152	21.21212121212121	0.0
40.0	33.33333333333333	23.333333333333332	23.333333333333332	20.0	0.0
41.0	38.46153846153847	23.076923076923077	26.923076923076923	11.538461538461538	0.0
42.0	31.818181818181817	13.636363636363635	31.818181818181817	22.727272727272727	0.0
43.0	25.0	30.0	10.0	35.0	0.0
44.0	17.647058823529413	11.76470588235294	29.411764705882355	41.17647058823529	0.0
45.0	28.57142857142857	7.142857142857142	50.0	14.285714285714285	0.0
46.0	28.57142857142857	35.714285714285715	21.428571428571427	14.285714285714285	0.0
47.0	7.142857142857142	21.428571428571427	28.57142857142857	42.857142857142854	0.0
48.0	7.6923076923076925	53.84615384615385	15.384615384615385	23.076923076923077	0.0
49.0	33.33333333333333	16.666666666666664	8.333333333333332	41.66666666666667	0.0
50.0	9.090909090909092	27.27272727272727	45.45454545454545	18.181818181818183	0.0
51.0	60.0	20.0	20.0	0.0	0.0
52.0	20.0	20.0	40.0	20.0	0.0
53.0	20.0	30.0	20.0	30.0	0.0
54.0	40.0	30.0	10.0	20.0	0.0
55.0	11.11111111111111	44.44444444444444	44.44444444444444	0.0	0.0
56.0	22.22222222222222	22.22222222222222	33.33333333333333	22.22222222222222	0.0
57.0	25.0	37.5	0.0	37.5	0.0
58.0	20.0	20.0	60.0	0.0	0.0
59.0	0.0	50.0	50.0	0.0	0.0
60.0	0.0	25.0	50.0	25.0	0.0
61.0	0.0	50.0	25.0	25.0	0.0
62.0	50.0	0.0	25.0	25.0	0.0
63.0	25.0	25.0	50.0	0.0	0.0
64.0	25.0	25.0	25.0	25.0	0.0
65.0	0.0	25.0	75.0	0.0	0.0
66.0	0.0	0.0	66.66666666666666	33.33333333333333	0.0
67.0	33.33333333333333	33.33333333333333	0.0	33.33333333333333	0.0
68.0	0.0	0.0	33.33333333333333	66.66666666666666	0.0
69.0	33.33333333333333	33.33333333333333	33.33333333333333	0.0	0.0
70.0	100.0	0.0	0.0	0.0	0.0
71.0	0.0	50.0	0.0	50.0	0.0
72.0	50.0	0.0	50.0	0.0	0.0
73.0	0.0	50.0	50.0	0.0	0.0
74.0	0.0	50.0	50.0	0.0	0.0
75.0	0.0	50.0	0.0	50.0	0.0
76.0	0.0	0.0	0.0	100.0	0.0
77.0	0.0	50.0	0.0	50.0	0.0
78.0	0.0	100.0	0.0	0.0	0.0
79.0	0.0	50.0	50.0	0.0	0.0
80.0	0.0	0.0	100.0	0.0	0.0
81.0	0.0	0.0	100.0	0.0	0.0
82.0	0.0	0.0	50.0	50.0	0.0
83.0	0.0	0.0	0.0	100.0	0.0
84.0	0.0	0.0	100.0	0.0	0.0
85.0	0.0	0.0	0.0	100.0	0.0
86.0	100.0	0.0	0.0	0.0	0.0
87.0	100.0	0.0	0.0	0.0	0.0
88.0	100.0	0.0	0.0	0.0	0.0
89.0	0.0	100.0	0.0	0.0	0.0
90.0	0.0	100.0	0.0	0.0	0.0
91.0	0.0	0.0	0.0	100.0	0.0
