# Position (bp)	A	C	G	T	N
0.0	21.970456801079642	24.813451450116315	18.24788770853791	34.96820404026613	0.0
1.0	18.911638213965016	20.26644541649819	25.130623368848887	35.69129300068791	0.0
2.0	24.917425026124672	25.024549316557533	25.967138048552506	24.09088760876529	0.0
3.0	25.6772723214989	25.50870909978838	22.98236125041353	25.83165732829919	0.0
4.0	23.66134020889237	26.496458071867796	25.52078683841561	24.32141488082423	0.0
5.0	23.270651620254892	26.498033429080042	26.153030199597758	24.077234512925806	0.0010502381414985848
6.0	24.68479727778274	25.480877789038665	26.076887934339112	23.757436998839488	0.0
7.0	22.896241722810647	27.49418430629145	25.145326702829866	24.464247268068036	0.0
8.0	22.437812774046513	26.82833332458135	26.47545330903782	24.25840059233431	0.0
9.0	23.39930579258847	26.44079545036837	25.95821102434977	24.20168773269339	0.0
10.0	22.742381835081105	27.4190922791743	26.417165092184653	23.421360793559938	0.0
11.0	23.104188874827365	27.11872417070571	27.023677618900088	22.75340933556684	0.0
12.0	23.7469346174245	26.52533962075901	26.117322102786805	23.610403659029686	0.0
13.0	23.071106373370164	27.245277866756286	26.06323483849963	23.620380921373922	0.0
14.0	23.33261567060331	26.9354576150142	26.889772255859018	22.84215445852347	0.0
15.0	23.88346557581932	26.481754737886813	26.184537343842717	23.45024234245115	0.0
16.0	23.172979473095527	27.041531667305563	26.326844612015776	23.45864424758314	0.0
17.0	23.190833521501002	26.822557014803106	26.919704042891723	23.06690542080417	0.0
18.0	23.825177358966148	26.571550098984947	26.118897459999058	23.484375082049855	0.0
19.0	23.19923542663299	27.355027752542888	26.298488182195314	23.14724863862881	0.0
20.0	23.41978543634769	26.764268797949935	27.024727857041587	22.791217908660787	0.0
21.0	23.84933283622061	26.506435334212032	26.071111624560867	23.573120205006486	0.0
22.0	23.27170185839639	26.812054633388122	26.401936639132924	23.514306869082567	0.0
23.0	23.333140789674058	26.84303665856233	26.90920166147674	22.914620890286873	0.0
24.0	23.514306869082567	26.64401653074835	26.19871555875295	23.64296104141614	0.0
25.0	23.202911260128232	27.076189525975014	26.414014377760157	23.306884836136593	0.0
26.0	23.43711436568242	26.890822494000517	26.638240220970104	23.03382291934696	0.0
27.0	23.7831678333062	26.29586258684157	26.369904375817217	23.551065204035016	0.0
28.0	23.300583407287604	26.88137035072703	26.218144964370673	23.5999012776147	0.0
29.0	23.46757127178588	26.75901760724244	26.734337010917226	23.039074110054454	0.0
30.0	23.87008176451399	26.412463563754223	26.094665838849195	23.622788832882595	0.0
31.0	23.461146893281214	26.89940023104556	26.23211111286945	23.407341762803775	0.0
32.0	23.524337255026488	26.55743084112644	26.96336048351672	22.954871420330353	0.0
33.0	23.90151072176566	26.011843378233273	26.340885170261853	23.745760729739214	0.0
34.0	23.38447556933604	26.61819736982786	26.3535763926013	23.64375066823479	0.0
35.0	23.752865583933357	26.535038153971996	26.668496335281393	23.043599926813254	0.0
36.0	23.92425729953732	26.234398815367676	26.21866880739419	23.622675077700816	0.0
37.0	23.51775518806212	26.741990048117188	26.258628523256643	23.48162624056405	0.0
38.0	23.839942481057463	26.31823461091754	26.76179414855373	23.08002875947127	0.0
39.0	24.059666765477395	26.026186707533295	26.219706588065527	23.694439938923782	0.0
40.0	23.77493304948959	26.659042140604566	26.232710349161774	23.33331446074407	0.0
41.0	23.739512676605955	26.455600316771683	26.783275373297066	23.021611633325296	0.0
42.0	24.028060778948593	26.263026139605287	26.188507888455494	23.520405192990626	0.0
43.0	23.792340546360162	26.73591803414455	26.27213894442933	23.19960247506596	0.0
44.0	23.848037888224923	26.572908956328646	26.593971343118316	22.985081812328115	0.0
45.0	24.32641153252102	26.03704430115963	26.0670769079899	23.569467258329453	0.0
46.0	23.809047049915836	26.424043702169463	26.25133753418143	23.51557171373327	0.0
47.0	23.776228245655524	26.3723691863252	26.943750279618822	22.907652288400453	0.0
48.0	24.2864420728123	26.11262785259885	26.12895640928507	23.47197366530378	0.0
49.0	23.782072264046334	26.647784583937316	26.263685613322558	23.306457538693795	0.0
50.0	23.846484964846233	26.46747336991056	26.86923071667225	22.81681094857096	0.0
51.0	24.241767915656506	26.280488230896605	26.169399632499353	23.308344220947536	0.0
52.0	23.645612729666304	26.970408104859484	26.385152538492356	22.998826626981856	0.0
53.0	23.83014581959405	26.47321755697223	26.82933978163699	22.867296841796733	0.0
54.0	24.303377699083175	26.27732845160032	26.11602118752157	23.30327266179494	0.0
55.0	23.85672898848084	26.59243377826959	26.309641822471203	23.24119541077837	0.0
56.0	24.075464540044102	26.398362353089954	26.916054788457433	22.61011831840851	0.0
57.0	24.134677944046846	26.26219908913468	26.43298633702017	23.170136629798307	0.0
58.0	23.830848686248085	26.51694610227092	26.594791867210194	23.057413344270802	0.0
59.0	23.780955582564022	26.324636032168808	27.09610129899235	22.798307086274814	0.0
60.0	24.01978193699613	26.508505877756868	26.38242710516035	23.089285080086658	0.0
61.0	23.624690183740476	26.848608456269034	26.566001152379297	22.96070020761119	0.0
62.0	23.96616275451022	26.391731188170166	27.038675179418505	22.60343087790111	0.0
63.0	24.06408798981743	26.257032092575862	26.707863312637848	22.97101660496886	0.0
64.0	23.667708458548702	26.633810153463962	26.73899106463117	22.95949032335617	0.0
65.0	23.584662228415134	26.510811787170358	27.295246942251122	22.609279042163386	0.0
66.0	24.007137773906763	26.531912859676886	26.624321539719798	22.83662782669655	0.0
67.0	23.53275854523174	26.86769661691978	26.90489736968795	22.694647468160532	0.0
68.0	23.81837642949693	26.717368035603627	27.062137344374964	22.40211819052448	0.0
69.0	24.110355393579237	26.663803709464005	26.518721418788736	22.707119478168018	0.0
70.0	23.56402253076454	26.93048230665279	26.83600617084634	22.669488991736326	0.0
71.0	23.85575760566508	26.466234054627552	27.3384490118187	22.338325643366478	0.0012336845221939845
72.0	23.75230700693693	26.80073824221982	26.68745624642016	22.75949850442309	0.0
73.0	23.598038958655586	26.852895682038646	26.63005007471882	22.919015284586948	0.0
74.0	23.518836426553484	26.554833128320197	27.3672258343584	22.55910461076792	0.0
75.0	23.73020855130083	26.51740252493548	27.01122968542931	22.74115923833438	0.0
76.0	23.679891742485314	26.89882529079811	26.960727859034893	22.460555107681675	0.0
77.0	23.52644237907177	26.837307361106987	27.272322356504443	22.363927903316807	0.0
78.0	23.888243210178615	26.625581110839246	26.72804012723269	22.75813555174945	0.0
79.0	23.68283859144694	26.877201851530042	26.96251125610199	22.475868497132655	0.0015798037883694846
80.0	23.405573765145217	26.717544803744108	27.542683821730833	22.334197609379842	0.0
81.0	23.671635764040786	26.85499882222297	26.79442743210957	22.678937981626678	0.0
82.0	23.694820994091067	26.880431004518595	26.92735488355926	22.493917274939175	0.0034758428919012857
83.0	23.77105225277098	26.759752411112707	27.19699150712538	22.27220382899093	0.0
84.0	23.69944348279264	26.794721462207082	26.911980940681595	22.593854114318685	0.0
85.0	23.90708801172975	27.06717598487479	26.822163058996022	22.20357294439943	0.0
86.0	24.080721065645687	26.284198771635957	27.500598229241447	22.134481933476906	0.0
87.0	24.18978855079938	26.60959257349149	26.677668901495615	22.522949974213514	0.0
88.0	23.860744605778073	26.82462630712315	26.878087376772235	22.43654171032654	0.0
89.0	23.77247771677521	26.635399764386854	27.21109604570006	22.37880370757296	0.0022227655649158682
90.0	24.117293650060077	26.222386542194286	27.056567150383586	22.603752657362048	0.0
91.0	23.822102684789396	26.960760770376062	26.8671053263532	22.34762979683973	0.002401421641611834
92.0	23.968198584388396	26.547702123417405	27.59694945668428	21.88714983550992	0.0
93.0	24.50736361750674	26.30937564820577	26.814976146027796	22.368284588259694	0.0
94.0	23.78136055524049	26.80331631964136	26.88163331442923	22.53368981068892	0.0
95.0	24.26408510159284	26.929138290088368	27.14020374852254	21.66657285979625	0.0
96.0	24.329248582091743	26.351053513179934	27.04751829322049	22.27217961150783	0.0
97.0	23.719874900349545	26.979211381615258	27.233703317593672	22.067210400441528	0.0
98.0	24.279756175810075	26.519088867500802	27.08052614693616	22.12062880975297	0.0
99.0	24.1032854415754	26.380655748685488	27.06051776683747	22.45554104290164	0.0
100.0	23.603312745648513	27.252947782144865	27.10204941044357	22.041690061763056	0.0
101.0	24.32034185515361	26.394312237530393	27.447874456641863	21.83747145067413	0.0
102.0	24.289745274631827	26.550964400293765	27.177148158169377	21.982142166905028	0.0
103.0	24.096385542168676	26.624063822859	27.173559101269944	22.105991533702376	0.0
104.0	24.573583611896805	26.557812633924744	27.27779206308391	21.59081169109454	0.0
105.0	24.626562570513112	26.22862042510944	27.20339365494833	21.941423349429126	0.0
106.0	24.102002949712166	26.70441029544698	26.899471906370426	22.289357248204006	0.004757600266425615
107.0	24.521284615771222	26.426094386088355	26.903553299492383	22.149067698648036	0.0
108.0	24.639923183612503	26.373626373626376	26.597674170489704	22.388776272271418	0.0
109.0	24.232798230188894	26.405354813092064	26.677633444891942	22.684213511827103	0.0
110.0	24.12278061992176	26.283478784231118	27.433042431537768	22.16069816430936	0.0
111.0	25.385945807443473	26.49413874831849	26.878483120876307	21.24143232336173	0.0
112.0	24.257357973990416	26.954140999315534	27.652292950034223	21.13620807665982	0.0
113.0	24.728420434527305	27.165296535525542	26.61479741632413	21.49148561362302	0.0
114.0	26.193293885601577	25.63313609467456	26.571992110453653	21.601577909270215	0.0
115.0	25.134788189987162	25.759520753102265	26.93196405648267	22.1737270004279	0.0
116.0	26.082915039970256	25.618144636549545	26.21305075292805	22.085889570552148	0.0
117.0	24.928745928338763	26.089169381107492	26.567589576547228	22.414495114006513	0.0
118.0	25.171830985915495	25.397183098591547	27.492957746478876	21.938028169014085	0.0
119.0	25.641344956413448	25.23038605230386	27.023661270236616	22.104607721046076	0.0
120.0	26.415880066629647	24.88895058300944	27.012770682953914	21.682398667406996	0.0
121.0	26.578699340245056	25.243480992774114	26.924285265472825	21.253534401508013	0.0
122.0	27.94465683597306	25.92390314946295	25.6872383032951	20.44420171126889	0.0
123.0	28.97739504843918	24.693218514531754	23.832077502691064	22.497308934337997	0.0
124.0	29.345843106593694	24.811050299713315	24.967422465467813	20.875684128225174	0.0
125.0	31.036745406824146	22.736220472440944	26.213910761154857	20.01312335958005	0.0
126.0	31.810115350488022	21.960958296362023	24.267968056787932	21.960958296362023	0.0
127.0	34.37288135593221	25.016949152542374	24.881355932203387	15.728813559322033	0.0
128.0	35.67493112947658	19.146005509641874	27.823691460055095	17.355371900826448	0.0
129.0	13.333333333333334	46.666666666666664	26.666666666666668	13.333333333333334	0.0
130.0	20.0	20.0	40.0	20.0	0.0
131.0	14.285714285714285	35.714285714285715	42.857142857142854	7.142857142857142	0.0
132.0	8.333333333333332	41.66666666666667	16.666666666666664	33.33333333333333	0.0
133.0	11.11111111111111	33.33333333333333	22.22222222222222	33.33333333333333	0.0
134.0	57.14285714285714	0.0	28.57142857142857	14.285714285714285	0.0
135.0	20.0	0.0	20.0	60.0	0.0
136.0	0.0	66.66666666666666	33.33333333333333	0.0	0.0
137.0	100.0	0.0	0.0	0.0	0.0
138.0	50.0	50.0	0.0	0.0	0.0
139.0	0.0	100.0	0.0	0.0	0.0
140.0	100.0	0.0	0.0	0.0	0.0
