# Position (bp)	A	C	G	T	N
0.0	23.46938775510204	21.428571428571427	30.612244897959183	24.489795918367346	0.0
1.0	17.346938775510203	22.448979591836736	29.591836734693878	30.612244897959183	0.0
2.0	26.53061224489796	41.83673469387755	18.367346938775512	13.26530612244898	0.0
3.0	20.408163265306122	22.448979591836736	33.6734693877551	23.46938775510204	0.0
4.0	22.448979591836736	26.53061224489796	31.63265306122449	19.387755102040817	0.0
5.0	19.387755102040817	25.510204081632654	27.55102040816326	27.55102040816326	0.0
6.0	20.408163265306122	28.57142857142857	26.53061224489796	24.489795918367346	0.0
7.0	24.489795918367346	27.55102040816326	28.57142857142857	19.387755102040817	0.0
8.0	19.387755102040817	25.510204081632654	34.69387755102041	20.408163265306122	0.0
9.0	19.387755102040817	18.367346938775512	33.6734693877551	28.57142857142857	0.0
10.0	20.408163265306122	20.408163265306122	31.63265306122449	27.55102040816326	0.0
11.0	21.428571428571427	31.63265306122449	34.69387755102041	12.244897959183673	0.0
12.0	22.448979591836736	24.489795918367346	28.57142857142857	24.489795918367346	0.0
13.0	24.489795918367346	28.57142857142857	18.367346938775512	28.57142857142857	0.0
14.0	25.510204081632654	29.591836734693878	23.46938775510204	21.428571428571427	0.0
15.0	21.428571428571427	23.46938775510204	37.755102040816325	17.346938775510203	0.0
16.0	21.428571428571427	27.55102040816326	28.57142857142857	22.448979591836736	0.0
17.0	12.244897959183673	33.6734693877551	30.612244897959183	23.46938775510204	0.0
18.0	23.46938775510204	26.53061224489796	26.53061224489796	23.46938775510204	0.0
19.0	28.57142857142857	26.53061224489796	26.53061224489796	18.367346938775512	0.0
20.0	17.346938775510203	26.53061224489796	37.755102040816325	18.367346938775512	0.0
21.0	24.489795918367346	30.612244897959183	21.428571428571427	23.46938775510204	0.0
22.0	22.448979591836736	26.53061224489796	30.612244897959183	20.408163265306122	0.0
23.0	25.510204081632654	28.57142857142857	23.46938775510204	22.448979591836736	0.0
24.0	25.510204081632654	30.612244897959183	24.489795918367346	19.387755102040817	0.0
25.0	20.408163265306122	35.714285714285715	25.510204081632654	18.367346938775512	0.0
26.0	20.408163265306122	36.734693877551024	22.448979591836736	20.408163265306122	0.0
27.0	22.448979591836736	26.53061224489796	25.510204081632654	25.510204081632654	0.0
28.0	22.448979591836736	26.53061224489796	23.46938775510204	27.55102040816326	0.0
29.0	22.448979591836736	31.63265306122449	21.428571428571427	24.489795918367346	0.0
30.0	29.347826086956523	21.73913043478261	21.73913043478261	27.173913043478258	0.0
31.0	18.6046511627907	23.25581395348837	34.883720930232556	23.25581395348837	0.0
32.0	22.89156626506024	32.53012048192771	21.686746987951807	22.89156626506024	0.0
33.0	22.07792207792208	29.87012987012987	24.675324675324674	23.376623376623375	0.0
34.0	25.333333333333336	18.666666666666668	24.0	32.0	0.0
35.0	25.352112676056336	25.352112676056336	26.76056338028169	22.535211267605636	0.0
36.0	26.153846153846157	26.153846153846157	29.230769230769234	18.461538461538463	0.0
37.0	18.0327868852459	24.59016393442623	24.59016393442623	32.78688524590164	0.0
38.0	25.862068965517242	31.03448275862069	22.413793103448278	20.689655172413794	0.0
39.0	40.0	21.818181818181817	25.454545454545453	12.727272727272727	0.0
40.0	22.641509433962266	28.30188679245283	24.528301886792452	24.528301886792452	0.0
41.0	8.51063829787234	34.04255319148936	34.04255319148936	23.404255319148938	0.0
42.0	24.444444444444443	26.666666666666668	24.444444444444443	24.444444444444443	0.0
43.0	21.428571428571427	35.714285714285715	23.809523809523807	19.047619047619047	0.0
44.0	17.94871794871795	28.205128205128204	35.8974358974359	17.94871794871795	0.0
45.0	11.11111111111111	25.0	36.11111111111111	27.77777777777778	0.0
46.0	21.875	18.75	40.625	18.75	0.0
47.0	27.586206896551722	24.137931034482758	34.48275862068966	13.793103448275861	0.0
48.0	14.814814814814813	33.33333333333333	33.33333333333333	18.51851851851852	0.0
49.0	23.076923076923077	19.230769230769234	26.923076923076923	30.76923076923077	0.0
50.0	15.384615384615385	34.61538461538461	19.230769230769234	30.76923076923077	0.0
51.0	29.166666666666668	20.833333333333336	25.0	25.0	0.0
52.0	39.130434782608695	21.73913043478261	26.08695652173913	13.043478260869565	0.0
53.0	9.523809523809524	47.61904761904761	28.57142857142857	14.285714285714285	0.0
54.0	11.11111111111111	5.555555555555555	44.44444444444444	38.88888888888889	0.0
55.0	22.22222222222222	33.33333333333333	38.88888888888889	5.555555555555555	0.0
56.0	17.647058823529413	35.294117647058826	11.76470588235294	35.294117647058826	0.0
57.0	7.142857142857142	35.714285714285715	14.285714285714285	42.857142857142854	0.0
58.0	16.666666666666664	16.666666666666664	50.0	16.666666666666664	0.0
59.0	44.44444444444444	0.0	33.33333333333333	22.22222222222222	0.0
60.0	14.285714285714285	71.42857142857143	14.285714285714285	0.0	0.0
61.0	16.666666666666664	16.666666666666664	33.33333333333333	33.33333333333333	0.0
62.0	0.0	50.0	33.33333333333333	16.666666666666664	0.0
63.0	0.0	66.66666666666666	16.666666666666664	16.666666666666664	0.0
64.0	0.0	33.33333333333333	50.0	16.666666666666664	0.0
65.0	40.0	40.0	20.0	0.0	0.0
66.0	0.0	33.33333333333333	33.33333333333333	33.33333333333333	0.0
67.0	33.33333333333333	33.33333333333333	0.0	33.33333333333333	0.0
68.0	0.0	33.33333333333333	0.0	66.66666666666666	0.0
69.0	0.0	33.33333333333333	0.0	66.66666666666666	0.0
70.0	66.66666666666666	33.33333333333333	0.0	0.0	0.0
71.0	33.33333333333333	33.33333333333333	0.0	33.33333333333333	0.0
72.0	0.0	33.33333333333333	33.33333333333333	33.33333333333333	0.0
73.0	0.0	33.33333333333333	66.66666666666666	0.0	0.0
74.0	33.33333333333333	33.33333333333333	33.33333333333333	0.0	0.0
75.0	0.0	0.0	100.0	0.0	0.0
76.0	0.0	0.0	0.0	100.0	0.0
77.0	0.0	50.0	0.0	50.0	0.0
78.0	50.0	0.0	50.0	0.0	0.0
79.0	50.0	0.0	50.0	0.0	0.0
80.0	0.0	50.0	50.0	0.0	0.0
81.0	0.0	0.0	0.0	100.0	0.0
82.0	50.0	0.0	0.0	50.0	0.0
83.0	0.0	50.0	50.0	0.0	0.0
84.0	0.0	50.0	50.0	0.0	0.0
85.0	50.0	0.0	50.0	0.0	0.0
86.0	0.0	50.0	50.0	0.0	0.0
87.0	50.0	0.0	50.0	0.0	0.0
88.0	0.0	100.0	0.0	0.0	0.0
89.0	0.0	50.0	50.0	0.0	0.0
90.0	0.0	50.0	50.0	0.0	0.0
91.0	50.0	50.0	0.0	0.0	0.0
92.0	100.0	0.0	0.0	0.0	0.0
93.0	100.0	0.0	0.0	0.0	0.0
94.0	0.0	0.0	0.0	100.0	0.0
