# Position (bp)	A	C	G	T	N
0.0	21.153846153846153	30.39940828402367	27.144970414201186	21.301775147928996	0.0
1.0	21.745562130177515	25.22189349112426	28.698224852071007	24.33431952662722	0.0
2.0	20.710059171597635	28.106508875739642	21.745562130177515	29.437869822485208	0.0
3.0	26.479289940828405	26.997041420118347	22.411242603550296	24.11242603550296	0.0
4.0	25.073964497041416	22.337278106508876	30.84319526627219	21.745562130177515	0.0
5.0	25.88757396449704	25.22189349112426	29.585798816568047	19.30473372781065	0.0
6.0	22.855029585798817	27.588757396449704	27.218934911242602	22.337278106508876	0.0
7.0	24.6301775147929	28.402366863905325	26.40532544378698	20.562130177514792	0.0
8.0	23.5207100591716	28.920118343195266	27.810650887573964	19.74852071005917	0.0
9.0	21.523668639053252	29.511834319526624	27.292899408284022	21.671597633136095	0.0
10.0	24.92603550295858	26.25739644970414	27.366863905325445	21.449704142011836	0.0
11.0	25.443786982248522	24.92603550295858	26.183431952662723	23.44674556213018	0.0
12.0	23.816568047337277	26.25739644970414	25.961538461538463	23.964497041420117	0.0
13.0	21.597633136094675	29.659763313609467	27.144970414201186	21.597633136094675	0.0
14.0	21.301775147928996	29.363905325443785	28.3284023668639	21.005917159763314	0.0
15.0	22.337278106508876	28.624260355029584	29.142011834319526	19.89644970414201	0.0
16.0	25.14792899408284	28.402366863905325	26.25739644970414	20.192307692307693	0.0
17.0	23.44674556213018	29.289940828402365	28.476331360946745	18.786982248520708	0.0
18.0	22.263313609467456	27.514792899408285	29.437869822485208	20.784023668639055	0.0
19.0	22.115384615384613	26.77514792899408	28.032544378698226	23.076923076923077	0.0
20.0	25.51775147928994	27.884615384615387	25.295857988165682	21.301775147928996	0.0
21.0	25.0	26.035502958579883	28.032544378698226	20.93195266272189	0.0
22.0	22.855029585798817	26.55325443786982	27.810650887573964	22.781065088757398	0.0
23.0	21.375739644970416	30.029585798816566	25.961538461538463	22.633136094674555	0.0
24.0	22.559171597633135	26.479289940828405	28.254437869822485	22.707100591715975	0.0
25.0	19.600591715976332	30.17751479289941	28.3284023668639	21.893491124260358	0.0
26.0	20.784023668639055	29.585798816568047	28.846153846153843	20.784023668639055	0.0
27.0	23.298816568047336	27.810650887573964	26.331360946745562	22.559171597633135	0.0
28.0	23.5207100591716	30.10355029585799	25.51775147928994	20.857988165680474	0.0
29.0	21.153846153846153	29.06804733727811	26.035502958579883	23.742603550295858	0.0
30.0	23.802395209580837	27.54491017964072	26.422155688622755	22.230538922155688	0.0
31.0	22.11320754716981	27.09433962264151	27.0188679245283	23.77358490566038	0.0
32.0	23.820395738203956	26.56012176560122	27.168949771689498	22.450532724505326	0.0
33.0	22.006220839813377	27.371695178849144	27.29393468118196	23.32814930015552	0.0
34.0	21.79080824088748	27.971473851030108	25.51505546751189	24.722662440570524	0.0
35.0	22.34817813765182	26.963562753036435	27.44939271255061	23.238866396761136	0.0
36.0	21.3511259382819	26.605504587155966	29.190992493744787	22.85237698081735	0.0
37.0	24.22680412371134	24.22680412371134	27.74914089347079	23.797250859106526	0.0
38.0	22.671353251318102	26.713532513181022	28.295254833040424	22.319859402460455	0.0
39.0	21.680216802168022	27.732610659439928	25.112917795844623	25.474254742547426	0.0
40.0	21.3953488372093	26.325581395348834	28.093023255813954	24.186046511627907	0.0
41.0	22.13666987487969	28.103946102021176	27.43022136669875	22.329162656400385	0.0
42.0	23.015075376884422	26.532663316582916	28.74371859296482	21.708542713567837	0.0
43.0	22.594142259414227	26.15062761506276	25.418410041841007	25.83682008368201	0.0
44.0	22.210065645514224	29.10284463894967	26.258205689277897	22.428884026258206	0.0
45.0	21.010332950631458	24.799081515499427	28.243398392652125	25.947187141216993	0.0
46.0	21.26642771804062	26.045400238948623	28.19593787335723	24.492234169653525	0.0
47.0	18.21608040201005	30.025125628140703	26.884422110552762	24.87437185929648	0.0
48.0	23.19034852546917	25.335120643431637	28.418230563002684	23.056300268096514	0.0
49.0	20.509193776520508	29.13719943422914	26.308345120226306	24.045261669024047	0.0
50.0	20.088626292466767	28.95125553914328	27.76957163958641	23.190546528803544	0.0
51.0	21.8944099378882	30.59006211180124	27.018633540372672	20.496894409937887	0.0
52.0	26.948051948051948	28.57142857142857	23.53896103896104	20.941558441558442	0.0
53.0	24.747474747474747	25.420875420875422	25.925925925925924	23.905723905723907	0.0
54.0	21.47887323943662	26.23239436619718	24.823943661971832	27.464788732394368	0.0
55.0	20.073664825046038	26.335174953959484	26.887661141804784	26.703499079189687	0.0
56.0	20.28397565922921	30.425963488843816	25.760649087221093	23.52941176470588	0.0
57.0	21.158129175946545	32.29398663697104	26.057906458797326	20.489977728285076	0.0
58.0	18.269230769230766	33.17307692307692	28.846153846153843	19.71153846153846	0.0
59.0	25.45931758530184	28.346456692913385	25.72178477690289	20.47244094488189	0.0
60.0	20.62146892655367	31.92090395480226	24.293785310734464	23.163841807909606	0.0
61.0	24.528301886792452	27.67295597484277	25.78616352201258	22.0125786163522	0.0
62.0	20.141342756183743	26.855123674911663	26.148409893992934	26.855123674911663	0.0
63.0	19.444444444444446	31.349206349206348	25.793650793650798	23.41269841269841	0.0
64.0	25.75107296137339	25.321888412017167	26.609442060085836	22.317596566523605	0.0
65.0	23.809523809523807	20.476190476190474	29.04761904761905	26.666666666666668	0.0
66.0	19.45945945945946	25.405405405405407	25.945945945945947	29.18918918918919	0.0
67.0	23.076923076923077	28.994082840236686	28.402366863905325	19.526627218934912	0.0
68.0	21.62162162162162	31.756756756756754	26.351351351351347	20.27027027027027	0.0
69.0	16.541353383458645	31.57894736842105	29.32330827067669	22.55639097744361	0.0
70.0	22.76422764227642	24.390243902439025	25.203252032520325	27.64227642276423	0.0
71.0	28.31858407079646	24.778761061946902	27.43362831858407	19.469026548672566	0.0
72.0	14.432989690721648	36.08247422680412	18.556701030927837	30.927835051546392	0.0
73.0	20.224719101123593	33.70786516853933	23.595505617977526	22.47191011235955	0.0
74.0	26.923076923076923	25.64102564102564	20.51282051282051	26.923076923076923	0.0
75.0	16.43835616438356	27.397260273972602	34.24657534246575	21.91780821917808	0.0
76.0	13.88888888888889	37.5	26.38888888888889	22.22222222222222	0.0
77.0	15.942028985507244	27.536231884057973	30.434782608695656	26.08695652173913	0.0
78.0	19.402985074626866	32.83582089552239	29.850746268656714	17.91044776119403	0.0
79.0	11.11111111111111	31.746031746031743	30.158730158730158	26.984126984126984	0.0
80.0	18.0327868852459	26.229508196721312	31.147540983606557	24.59016393442623	0.0
81.0	26.31578947368421	24.561403508771928	24.561403508771928	24.561403508771928	0.0
82.0	18.51851851851852	25.925925925925924	35.18518518518518	20.37037037037037	0.0
83.0	15.686274509803921	19.607843137254903	29.411764705882355	35.294117647058826	0.0
84.0	39.21568627450981	25.49019607843137	23.52941176470588	11.76470588235294	0.0
85.0	14.285714285714285	40.816326530612244	26.53061224489796	18.367346938775512	0.0
86.0	10.869565217391305	39.130434782608695	21.73913043478261	28.26086956521739	0.0
87.0	27.27272727272727	25.0	25.0	22.727272727272727	0.0
88.0	35.714285714285715	21.428571428571427	23.809523809523807	19.047619047619047	0.0
89.0	12.5	35.0	30.0	22.5	0.0
90.0	31.428571428571427	14.285714285714285	34.285714285714285	20.0	0.0
91.0	18.75	43.75	25.0	12.5	0.0
92.0	7.142857142857142	25.0	32.142857142857146	35.714285714285715	0.0
93.0	26.08695652173913	30.434782608695656	17.391304347826086	26.08695652173913	0.0
94.0	14.285714285714285	28.57142857142857	42.857142857142854	14.285714285714285	0.0
95.0	28.57142857142857	19.047619047619047	33.33333333333333	19.047619047619047	0.0
96.0	11.11111111111111	38.88888888888889	27.77777777777778	22.22222222222222	0.0
97.0	22.22222222222222	22.22222222222222	33.33333333333333	22.22222222222222	0.0
98.0	11.76470588235294	35.294117647058826	17.647058823529413	35.294117647058826	0.0
99.0	18.75	31.25	43.75	6.25	0.0
100.0	12.5	25.0	18.75	43.75	0.0
101.0	0.0	42.857142857142854	35.714285714285715	21.428571428571427	0.0
102.0	23.076923076923077	23.076923076923077	23.076923076923077	30.76923076923077	0.0
103.0	23.076923076923077	23.076923076923077	30.76923076923077	23.076923076923077	0.0
104.0	30.76923076923077	15.384615384615385	30.76923076923077	23.076923076923077	0.0
105.0	23.076923076923077	23.076923076923077	23.076923076923077	30.76923076923077	0.0
106.0	25.0	33.33333333333333	33.33333333333333	8.333333333333332	0.0
107.0	41.66666666666667	41.66666666666667	16.666666666666664	0.0	0.0
108.0	16.666666666666664	41.66666666666667	25.0	16.666666666666664	0.0
109.0	10.0	30.0	30.0	30.0	0.0
110.0	30.0	20.0	30.0	20.0	0.0
111.0	22.22222222222222	22.22222222222222	44.44444444444444	11.11111111111111	0.0
112.0	22.22222222222222	0.0	77.77777777777779	0.0	0.0
113.0	11.11111111111111	11.11111111111111	66.66666666666666	11.11111111111111	0.0
114.0	22.22222222222222	22.22222222222222	22.22222222222222	33.33333333333333	0.0
115.0	44.44444444444444	0.0	33.33333333333333	22.22222222222222	0.0
116.0	12.5	12.5	25.0	50.0	0.0
117.0	37.5	0.0	37.5	25.0	0.0
118.0	37.5	25.0	25.0	12.5	0.0
119.0	25.0	37.5	25.0	12.5	0.0
120.0	0.0	57.14285714285714	42.857142857142854	0.0	0.0
121.0	14.285714285714285	42.857142857142854	28.57142857142857	14.285714285714285	0.0
122.0	40.0	20.0	40.0	0.0	0.0
123.0	60.0	20.0	0.0	20.0	0.0
124.0	0.0	33.33333333333333	33.33333333333333	33.33333333333333	0.0
125.0	0.0	100.0	0.0	0.0	0.0
126.0	33.33333333333333	0.0	33.33333333333333	33.33333333333333	0.0
127.0	50.0	50.0	0.0	0.0	0.0
128.0	0.0	50.0	0.0	50.0	0.0
129.0	0.0	100.0	0.0	0.0	0.0
130.0	50.0	50.0	0.0	0.0	0.0
131.0	0.0	0.0	50.0	50.0	0.0
