# Position (bp)	A	C	G	T	N
0.0	22.046555854224952	24.552453050999322	22.150785378609175	31.246182822242947	0.004022893923601587
1.0	22.45615959917348	23.56794119260519	26.142959021339625	27.83294018688171	0.0
2.0	23.25744692522903	26.99288679210781	26.82758242361073	22.922083859052425	0.0
3.0	24.729460383637793	26.44321319509207	25.12150968237424	23.705816738895898	0.0
4.0	23.613290178653063	27.517325872693693	25.270356757547496	23.599027191105748	0.0
5.0	22.885512096110595	27.48038839212244	26.991058203960723	22.640115566770895	0.002925741035346609
6.0	24.128586318503483	26.25742863934756	26.7551703329859	22.858814709163056	0.0
7.0	23.18759485801013	27.33227275220802	26.211348218040854	23.268784171741	0.0
8.0	22.750562290855232	27.461736793022105	26.906943149194507	22.880757766928156	0.0
9.0	23.743485654725983	26.50940808601679	26.50831093312853	23.2387953261287	0.0
10.0	23.218680856510687	27.11211073929819	26.315212024795652	23.35399637939547	0.0
11.0	23.03838206520745	27.322032658584305	27.017024155649423	22.622561120558817	0.0
12.0	23.67034212884232	26.667398101925503	26.593523140783006	23.068736628449173	0.0
13.0	23.366430778795692	27.25620348528901	26.230365534770606	23.147000201144696	0.0
14.0	22.976941503465177	27.257300638177263	26.953755005760055	22.81200285259751	0.0
15.0	23.781154570556073	26.574505824053247	26.448698959533345	23.19564064585733	0.0
16.0	23.3166931811948	27.033481448973244	26.359098140325855	23.290727229506096	0.0
17.0	23.06983378133743	27.28838663667782	26.736884451514985	22.904895130469765	0.0
18.0	23.853200943551485	26.44504178323916	26.4278530546565	23.273904218552854	0.0
19.0	23.525883665222082	27.226580357306123	26.084078483003275	23.16345749446852	0.0
20.0	23.184669116974785	27.202077276135096	26.829776729387238	22.78347687750288	0.0
21.0	23.84588659096312	26.672152431107943	26.249382851500357	23.232578126428585	0.0
22.0	23.586592791705524	26.841479693528626	26.092489988479894	23.479437526285952	0.0
23.0	23.26805273648216	27.034944319490922	26.708358476420358	22.988644467606562	0.0
24.0	23.815532027721396	26.518916744381666	26.232194122917697	23.433357104979248	0.0
25.0	23.505769195604074	26.887560114835335	26.07566697752665	23.531003712033936	0.0
26.0	23.392031012854975	27.009709803061057	26.588037376341727	23.010221807742244	0.0
27.0	23.988150748806845	26.34227512937261	26.04567813191435	23.62389598990619	0.0
28.0	23.673633587507087	26.769067602903796	25.86025929379926	23.697039515789857	0.0
29.0	23.492237643315597	27.014464132243493	26.437361713021378	23.055936511419535	0.0
30.0	23.951136146928956	26.51681849521043	26.20802710909651	23.3240182487641	0.0
31.0	23.555284011233102	26.910492202711104	25.85011980257419	23.6841039834816	0.0
32.0	23.325198742836015	27.13218709558144	26.477722314660753	23.064891846921796	0.0
33.0	23.886169912083663	26.382339377891494	26.259241628609253	23.472249081415587	0.0
34.0	23.53450148703619	26.772269958872403	26.102916388861836	23.590312165229573	0.0
35.0	23.27398585333414	27.125400519920202	26.48230155371501	23.11831207303065	0.0
36.0	23.895615276892727	26.413654419255998	26.273614963998032	23.417115339853247	0.0
37.0	23.71134816072221	26.781119191373627	25.954360448293823	23.553172199610348	0.0
38.0	23.390915057191076	26.882930183136445	26.491499468716796	23.234655290955686	0.0
39.0	23.966660862131743	26.37052984850164	26.226867609112066	23.435941680254555	0.0
40.0	23.563670517215083	26.829679459906398	25.98357563156754	23.62307439131098	0.0
41.0	23.368577228150553	26.950166708785428	26.579249851225654	23.10200621183836	0.0
42.0	23.76607818672459	26.5097847398681	26.355583374439878	23.368553698967432	0.0
43.0	23.82949635430732	26.87770051309749	25.814373480961383	23.47842965163381	0.0
44.0	23.46012934741477	27.104905569507036	26.402697031201622	23.03226805187657	0.0
45.0	23.931282636359647	26.386414498222827	26.174908947299137	23.507393918118392	0.0
46.0	23.51581503066248	26.760796821315463	25.995242724100397	23.728145423921664	0.0
47.0	23.493413403883302	26.85353863617639	26.595842068163716	23.057205891776597	0.0
48.0	23.636380648511583	26.616951499642106	26.1767196410777	23.569948210768604	0.0
49.0	23.427833201751238	26.916433407497784	26.011627072418005	23.644106318332973	0.0
50.0	23.258364794656718	27.048413712729964	26.625828155068827	23.067393337544498	0.0
51.0	23.776483210171158	26.419038833685942	26.48421284830497	23.32026510783793	0.0
52.0	23.44645964773585	27.013249690703656	26.126685729246347	23.413604932314154	0.0
53.0	23.203155818540434	27.207363576594346	26.749243918474686	22.840236686390533	0.0
54.0	23.73010141944106	26.579222486877985	26.435877261998424	23.25479883168253	0.0
55.0	23.481759004453874	26.879082258545807	26.200501751710263	23.438656985290056	0.0
56.0	23.07744719509425	27.276288893935952	26.800476947535774	22.845786963434023	0.0
57.0	23.538610556780917	26.665032851357818	26.568754449229186	23.227602142632076	0.0
58.0	23.284309313363696	26.98721295146202	26.474170882012327	23.25430685316196	0.0
59.0	23.186358280225306	27.236552307037403	26.91327710977167	22.66381230296562	0.0
60.0	23.74245472837022	26.608864543729254	26.473033786314097	23.17564694158643	0.0
61.0	23.208269125290567	27.06597539634863	26.390811502598794	23.334943975762005	0.0
62.0	23.029977147466056	27.154859524129588	27.08562978895013	22.729533539454227	0.0
63.0	23.64071756824096	26.71848181163834	26.614666961962243	23.02613365815846	0.0
64.0	23.3603663364218	27.004472214495113	26.43314146320587	23.202019985877218	0.0
65.0	22.951253389774458	27.3283800368925	27.09100396116733	22.629362612165707	0.0
66.0	23.35693001164708	26.775423151971683	26.864666999440335	23.002979836940902	0.0
67.0	23.079800207273266	27.071758627944487	26.843446346613888	23.00499481816836	0.0
68.0	23.000281000361287	27.405563807153467	27.055517642808397	22.53863754967685	0.0
69.0	23.52804879057951	26.848059051827576	26.75454929122911	22.869342866363795	0.0
70.0	23.364749270091686	27.105636087349964	26.62073793303625	22.9088767095221	0.0
71.0	22.960621323658906	27.464689514282696	26.76552428586524	22.80916487619316	0.0
72.0	23.39740967961827	26.87752783458305	26.906612133606	22.818450352192684	0.0
73.0	23.129704445965075	27.23727749083717	26.90732182862928	22.725696234568478	0.0
74.0	22.90095525389643	27.401670727462584	27.322388521483543	22.374985497157443	0.0
75.0	23.158336162310043	26.992431655250915	27.17515026858638	22.673083451484715	9.98462367953352E-4
76.0	22.911298468388612	27.22784523097854	27.021706417101278	22.838119189462184	0.0010306940693863248
77.0	22.86061225794082	27.418461472912803	27.356681792036813	22.364244477109562	0.0
78.0	23.394434920216273	26.92865620466834	26.907776165985318	22.769132709130073	0.0
79.0	22.915555151941696	27.316585880830484	26.777382992973337	22.990475974254483	0.0
80.0	22.9513583289327	27.29096989966555	27.4212286569266	22.335269612157486	0.0011735023176670774
81.0	23.504506799626355	26.94374689133942	26.936468076330506	22.615278232703716	0.0
82.0	23.103465582574216	27.3356922381992	26.79741022359407	22.76217721900173	0.001254736630781199
83.0	22.999065711616318	27.392816360427695	27.500519049102046	22.106301256098824	0.0012976227551126337
84.0	23.208992260539482	27.03982401781283	27.20883130122195	22.542352420425736	0.0
85.0	22.803100689196125	27.340424056688807	27.149057728842234	22.70464410023158	0.0027734250412546975
86.0	22.983899923880106	27.388800321714278	27.443376850934264	22.183922903471355	0.0
87.0	23.56258556038331	27.193321826081778	26.998392952800426	22.24569966073448	0.0
88.0	23.034557235421165	27.286331379203947	27.033323048441837	22.645788336933045	0.0
89.0	22.841332544340844	27.471332384409937	27.53690405744718	22.150431013802038	0.0
90.0	23.304740256508104	27.114200859451476	26.98644455874301	22.592955152560933	0.0016591727364735943
91.0	22.894492094657434	27.14167613929937	27.172677482690915	22.787709689642107	0.0034445937101718854
92.0	22.607343319867006	26.958278216724462	27.92356369096564	22.50723964105681	0.0035751313860784384
93.0	23.09648438950143	27.148531759290194	27.241340906559753	22.508074395812454	0.005568548836173293
94.0	22.960485617073925	27.356557377049178	27.03951438292608	22.639576244973707	0.0038663779771110425
95.0	22.75082335930597	27.56847939593542	27.63073339224034	22.047955659089084	0.0020081934291911
96.0	23.254892143363794	27.0893311636834	27.33341678140777	22.320273709684148	0.0020862018608920597
97.0	22.777019266194223	27.536137659016536	27.213228442017208	22.471447456819018	0.0021671759530156255
98.0	22.86269722862697	27.51480627514806	27.68434377684344	21.93589221935892	0.0022605000226050003
99.0	22.98677460347343	26.782604603002774	27.413281875088245	22.81498564503224	0.002353273403303996
100.0	22.40600765681751	27.535093746932365	27.436929419848827	22.619515068224207	0.002454108177088446
101.0	22.71611880783191	27.455140330248966	27.697970451408416	22.13077041051071	0.0
102.0	23.283023908107385	26.819821023106716	27.834913850674504	22.062241218111392	0.0
103.0	22.74060622992038	27.241234809330912	27.649113004609582	22.369045956139125	0.0
104.0	22.52039627039627	27.910839160839163	27.62820512820513	21.94055944055944	0.0
105.0	22.961720298917186	27.033704438005184	27.259417416501446	22.742107671191096	0.003050175385084642
106.0	22.960927765886076	26.88412510782403	27.545445832401523	22.603111721670235	0.006389572218139995
107.0	22.688822762379218	26.85479287171086	27.871209334982783	22.578488080510883	0.006686950416262663
108.0	22.970366473785727	27.585481325618094	27.157636331755214	22.28300894266176	0.003506926179203928
109.0	23.22585394581861	27.377797408716138	27.05388692579505	22.3424617196702	0.0
110.0	22.962276535773583	27.912274605197112	27.402602417081738	21.722846441947567	0.0
111.0	23.24568544448063	27.438130901986323	27.043308368609576	22.272875284923476	0.0
112.0	23.168214654282764	27.223082215342277	27.66597867217062	21.942724458204335	0.0
113.0	23.38168631006346	27.325475974614687	27.221214868540343	22.071622846781505	0.0
114.0	23.52491154250741	27.36444486946543	27.029740843454146	22.080902744573013	0.0
115.0	23.513076845400384	26.996869635463998	27.269514288599417	22.215490255478137	0.005048975058063213
116.0	22.84598094830354	27.432302258375252	28.085197474044737	21.636519319276466	0.0
117.0	22.83294492127551	27.21536974933212	27.385892116182575	22.5657932132098	0.0
118.0	22.93322011281616	27.16685873718687	27.433735670528296	22.466185479468674	0.0
119.0	22.82896009283734	27.335439365611503	27.728708658371477	22.10689188317968	0.0
120.0	23.332646472972044	27.742289992444537	26.416649495157635	22.508414039425784	0.0
121.0	23.42408453804946	27.548249798194764	27.496881191751672	21.53078447200411	0.0
122.0	22.491486497188564	27.781737546527285	27.718381246535202	22.000475172249942	0.007919537499010058
123.0	23.215356928614277	26.80606735795698	27.843002828005826	22.11843345616591	0.01713942925700574
124.0	23.572624139854938	27.431653338292726	27.124790775525387	21.861632880788544	0.009298865538404314
125.0	23.16161616161616	27.6969696969697	27.21212121212121	21.929292929292927	0.0
126.0	23.640190539492632	26.797385620915033	27.705771574166388	21.856652265425943	0.0
127.0	23.31991706305647	26.869130381753877	27.12525917794853	22.685693377241126	0.0
128.0	23.75608436992969	26.325040562466196	27.501352082206598	22.41752298539751	0.0
129.0	24.48733413751508	25.814234016887816	27.1562123039807	22.542219541616404	0.0
130.0	23.90601055678529	27.056019070321813	27.29439809296782	21.74357227992508	0.0
131.0	24.883268482490273	27.7431906614786	26.34241245136187	21.03112840466926	0.0
132.0	24.960505529225905	26.17919205596931	26.49514782216204	22.365154592642746	0.0
133.0	24.19957310565635	27.10779082177161	26.70757737459979	21.985058697972253	0.0
134.0	26.09542356377799	26.64719246997728	25.835767607919507	21.389159363842907	0.03245699448231094
135.0	26.543209876543212	25.390946502057616	26.090534979423868	21.93415637860082	0.0411522633744856
136.0	26.825127334465193	27.22127900396152	25.46689303904924	20.48670062252405	0.0
137.0	29.396551724137932	26.46551724137931	25.603448275862068	18.53448275862069	0.0
138.0	31.305903398926656	22.719141323792485	24.686940966010734	21.288014311270125	0.0
