# Position (bp)	A	C	G	T	N
0.0	22.761596548004313	22.006472491909385	21.898597626752967	33.33333333333333	0.0
1.0	30.312837108953616	19.633225458468175	19.956850053937433	30.097087378640776	0.0
2.0	32.68608414239482	20.604099244875947	20.496224379719525	26.21359223300971	0.0
3.0	30.636461704422867	20.927723840345198	19.741100323624593	28.694714131607334	0.0
4.0	30.852211434735704	18.338727076591155	21.251348435814453	29.557713052858688	0.0
5.0	31.06796116504854	21.143473570658035	22.653721682847898	25.13484358144552	0.0
6.0	31.283710895361384	21.035598705501616	19.848975188781015	27.831715210355988	0.0
7.0	29.018338727076593	19.848975188781015	21.035598705501616	30.097087378640776	0.0
8.0	26.7529665587918	21.35922330097087	22.86947141316073	29.018338727076593	0.0
9.0	27.72384034519957	19.525350593311757	21.35922330097087	31.3915857605178	0.0
10.0	27.292340884573896	18.985976267529665	23.19309600862999	30.528586839266453	0.0
11.0	29.773462783171524	20.604099244875947	23.516720604099245	26.10571736785329	0.0
12.0	27.508090614886733	21.35922330097087	21.898597626752967	29.23408845738943	0.0
13.0	29.449838187702266	22.330097087378643	22.330097087378643	25.88996763754045	0.0
14.0	29.018338727076593	22.114347357065803	23.408845738942826	25.458468176914778	0.0
15.0	26.7529665587918	22.330097087378643	22.330097087378643	28.58683926645092	0.0
16.0	27.184466019417474	22.22222222222222	22.114347357065803	28.478964401294498	0.0
17.0	29.018338727076593	21.898597626752967	22.761596548004313	26.321467098166128	0.0
18.0	26.537216828478964	22.43797195253506	22.86947141316073	28.155339805825243	0.0
19.0	27.40021574973031	23.408845738942826	22.761596548004313	26.429341963322546	0.0
20.0	24.919093851132686	23.624595469255663	22.761596548004313	28.694714131607334	0.0
21.0	26.537216828478964	21.035598705501616	22.114347357065803	30.312837108953616	0.0
22.0	25.997842502696873	23.624595469255663	21.790722761596548	28.58683926645092	0.0
23.0	30.204962243797194	22.006472491909385	20.711974110032365	27.07659115426106	0.0
24.0	26.64509169363538	19.741100323624593	23.516720604099245	30.097087378640776	0.0
25.0	28.155339805825243	23.73247033441208	22.22222222222222	25.88996763754045	0.0
26.0	26.7529665587918	23.624595469255663	21.251348435814453	28.37108953613808	0.0
27.0	27.508090614886733	21.035598705501616	20.819848975188783	30.636461704422867	0.0
28.0	27.831715210355988	21.251348435814453	22.43797195253506	28.478964401294498	0.0
29.0	27.07659115426106	20.604099244875947	23.300970873786408	29.018338727076593	0.0
30.0	30.01083423618635	19.068255687974	22.21018418201517	28.710725893824485	0.0
31.0	26.384364820846905	20.955483170466884	21.172638436482085	31.487513572204122	0.0
32.0	30.392156862745097	20.806100217864923	24.074074074074073	24.727668845315904	0.0
33.0	26.258205689277897	23.194748358862142	22.975929978118163	27.571115973741794	0.0
34.0	26.512651265126514	22.772277227722775	21.012101210121013	29.7029702970297	0.0
35.0	27.93791574279379	22.727272727272727	22.283813747228383	27.0509977827051	0.0
36.0	27.21164613661814	22.508398656215007	21.388577827547593	28.89137737961926	0.0
37.0	26.209223847019125	21.597300337457817	23.847019122609677	28.346456692913385	0.0
38.0	31.818181818181817	21.59090909090909	19.65909090909091	26.931818181818183	0.0
39.0	27.566320645905424	23.06805074971165	23.06805074971165	26.297577854671278	0.0
40.0	27.379553466509986	20.094007050528788	21.151586368977675	31.374853113983548	0.0
41.0	26.460071513706794	23.12276519666269	21.811680572109655	28.605482717520857	0.0
42.0	27.548543689320386	20.388349514563107	20.388349514563107	31.6747572815534	0.0
43.0	28.19875776397516	25.341614906832298	21.11801242236025	25.341614906832298	0.0
44.0	29.620253164556964	23.037974683544306	18.60759493670886	28.73417721518987	0.0
45.0	27.448453608247426	20.489690721649485	21.649484536082475	30.412371134020617	0.0
46.0	30.106100795755967	18.83289124668435	21.220159151193634	29.84084880636605	0.0
47.0	28.885832187070154	22.283356258596974	23.24621733149931	25.584594222833562	0.0
48.0	27.74647887323944	22.676056338028168	20.422535211267608	29.154929577464788	0.0
49.0	27.97101449275362	18.84057971014493	22.89855072463768	30.289855072463766	0.0
50.0	30.267062314540063	21.068249258160236	20.623145400593472	28.041543026706233	0.0
51.0	30.547112462006076	22.796352583586625	20.060790273556233	26.595744680851062	0.0
52.0	30.441640378548897	18.29652996845426	20.347003154574132	30.914826498422716	0.0
53.0	30.081300813008134	21.951219512195124	20.48780487804878	27.479674796747965	0.0
54.0	28.836424957841484	22.765598650927487	19.561551433389546	28.836424957841484	0.0
55.0	31.958762886597935	22.164948453608247	21.1340206185567	24.742268041237114	0.0
56.0	27.11267605633803	22.183098591549296	22.711267605633804	27.992957746478876	0.0
57.0	27.919708029197082	22.99270072992701	19.708029197080293	29.37956204379562	0.0
58.0	30.451127819548873	20.112781954887218	21.616541353383457	27.819548872180448	0.0
59.0	30.63583815028902	18.304431599229286	21.19460500963391	29.865125240847785	0.0
60.0	30.58350100603622	20.12072434607646	21.52917505030181	27.76659959758551	0.0
61.0	30.04115226337449	19.1358024691358	20.5761316872428	30.246913580246915	0.0
62.0	26.963906581740975	24.203821656050955	19.745222929936308	29.087048832271762	0.0
63.0	29.80132450331126	22.958057395143488	17.880794701986755	29.3598233995585	0.0
64.0	31.221719457013574	20.588235294117645	19.230769230769234	28.95927601809955	0.0
65.0	28.4688995215311	24.16267942583732	20.334928229665074	27.033492822966508	0.0
66.0	28.71287128712871	23.01980198019802	21.534653465346533	26.732673267326735	0.0
67.0	29.51653944020356	23.155216284987276	17.048346055979643	30.279898218829516	0.0
68.0	28.53333333333333	21.866666666666667	22.666666666666664	26.93333333333333	0.0
69.0	32.69230769230769	24.45054945054945	18.956043956043956	23.9010989010989	0.0
70.0	27.683615819209038	20.056497175141246	20.33898305084746	31.92090395480226	0.0
71.0	26.099706744868033	24.34017595307918	21.700879765395893	27.859237536656888	0.0
72.0	30.8411214953271	23.98753894080997	19.003115264797508	26.168224299065418	0.0
73.0	27.388535031847134	21.019108280254777	21.656050955414013	29.936305732484076	0.0
74.0	26.058631921824105	23.452768729641694	18.892508143322477	31.596091205211724	0.0
75.0	32.77591973244147	17.725752508361204	20.066889632107024	29.431438127090303	0.0
76.0	28.52112676056338	25.0	19.366197183098592	27.11267605633803	0.0
77.0	29.1970802919708	20.072992700729927	20.072992700729927	30.656934306569344	0.0
78.0	29.924242424242426	24.62121212121212	23.863636363636363	21.59090909090909	0.0
79.0	28.968253968253972	23.41269841269841	21.03174603174603	26.58730158730159	0.0
80.0	27.710843373493976	24.497991967871485	22.08835341365462	25.702811244979916	0.0
81.0	30.45267489711934	24.279835390946502	20.5761316872428	24.691358024691358	0.0
82.0	30.735930735930733	17.74891774891775	21.21212121212121	30.303030303030305	0.0
83.0	30.316742081447963	21.71945701357466	19.004524886877828	28.95927601809955	0.0
84.0	27.014218009478675	27.014218009478675	18.009478672985782	27.488151658767773	0.47393364928909953
85.0	27.22772277227723	25.247524752475247	17.82178217821782	29.207920792079207	0.49504950495049505
86.0	28.205128205128204	29.743589743589745	12.307692307692308	29.743589743589745	0.0
87.0	29.100529100529098	26.455026455026452	17.989417989417987	26.455026455026452	0.0
88.0	25.555555555555554	22.22222222222222	20.0	32.22222222222222	0.0
89.0	30.857142857142854	22.285714285714285	16.57142857142857	30.28571428571429	0.0
90.0	30.864197530864196	22.22222222222222	16.666666666666664	30.246913580246915	0.0
91.0	33.116883116883116	16.233766233766232	19.480519480519483	31.16883116883117	0.0
92.0	28.57142857142857	23.809523809523807	17.006802721088434	30.612244897959183	0.0
93.0	33.33333333333333	23.404255319148938	15.602836879432624	27.659574468085108	0.0
94.0	36.029411764705884	25.735294117647058	19.11764705882353	19.11764705882353	0.0
95.0	31.060606060606062	21.21212121212121	18.939393939393938	28.78787878787879	0.0
96.0	30.4	17.599999999999998	22.400000000000002	29.599999999999998	0.0
97.0	25.0	21.666666666666668	23.333333333333332	30.0	0.0
98.0	25.438596491228072	17.543859649122805	22.807017543859647	34.21052631578947	0.0
99.0	18.34862385321101	24.770642201834864	26.605504587155966	30.275229357798167	0.0
100.0	31.73076923076923	24.03846153846154	21.153846153846153	23.076923076923077	0.0
101.0	25.510204081632654	15.306122448979592	27.55102040816326	31.63265306122449	0.0
102.0	24.210526315789473	16.842105263157894	21.052631578947366	37.89473684210527	0.0
103.0	24.444444444444443	17.77777777777778	23.333333333333332	34.44444444444444	0.0
104.0	27.380952380952383	27.380952380952383	28.57142857142857	16.666666666666664	0.0
105.0	16.455696202531644	29.11392405063291	39.24050632911392	15.18987341772152	0.0
106.0	26.31578947368421	17.105263157894736	25.0	31.57894736842105	0.0
107.0	32.87671232876712	17.80821917808219	24.65753424657534	24.65753424657534	0.0
108.0	23.52941176470588	19.11764705882353	26.47058823529412	30.88235294117647	0.0
109.0	28.35820895522388	22.388059701492537	28.35820895522388	20.8955223880597	0.0
110.0	26.229508196721312	21.311475409836063	18.0327868852459	34.42622950819672	0.0
111.0	34.48275862068966	22.413793103448278	20.689655172413794	22.413793103448278	0.0
112.0	39.285714285714285	21.428571428571427	14.285714285714285	25.0	0.0
113.0	29.629629629629626	16.666666666666664	20.37037037037037	33.33333333333333	0.0
114.0	20.0	26.0	20.0	34.0	0.0
115.0	18.75	20.833333333333336	27.083333333333332	33.33333333333333	0.0
116.0	23.404255319148938	29.78723404255319	25.53191489361702	21.27659574468085	0.0
117.0	23.809523809523807	19.047619047619047	21.428571428571427	35.714285714285715	0.0
118.0	39.473684210526315	26.31578947368421	5.263157894736842	28.947368421052634	0.0
119.0	5.714285714285714	25.71428571428571	22.857142857142858	45.714285714285715	0.0
120.0	34.375	18.75	12.5	34.375	0.0
121.0	25.806451612903224	19.35483870967742	19.35483870967742	35.483870967741936	0.0
122.0	29.03225806451613	16.129032258064516	25.806451612903224	29.03225806451613	0.0
123.0	23.076923076923077	11.538461538461538	34.61538461538461	30.76923076923077	0.0
124.0	30.76923076923077	26.923076923076923	19.230769230769234	23.076923076923077	0.0
125.0	30.434782608695656	13.043478260869565	21.73913043478261	34.78260869565217	0.0
126.0	22.22222222222222	22.22222222222222	33.33333333333333	22.22222222222222	0.0
127.0	68.75	0.0	6.25	25.0	0.0
128.0	12.5	18.75	37.5	31.25	0.0
129.0	40.0	6.666666666666667	20.0	33.33333333333333	0.0
130.0	25.0	16.666666666666664	33.33333333333333	25.0	0.0
131.0	10.0	40.0	20.0	30.0	0.0
132.0	33.33333333333333	0.0	33.33333333333333	33.33333333333333	0.0
133.0	0.0	50.0	33.33333333333333	16.666666666666664	0.0
134.0	40.0	0.0	40.0	20.0	0.0
135.0	66.66666666666666	0.0	0.0	33.33333333333333	0.0
136.0	50.0	0.0	50.0	0.0	0.0
137.0	100.0	0.0	0.0	0.0	0.0
