# Position (bp)	A	C	G	T	N
0.0	38.70967741935484	12.903225806451612	19.35483870967742	29.03225806451613	0.0
1.0	29.03225806451613	25.806451612903224	12.903225806451612	32.25806451612903	0.0
2.0	22.58064516129032	16.129032258064516	25.806451612903224	35.483870967741936	0.0
3.0	41.935483870967744	25.806451612903224	19.35483870967742	12.903225806451612	0.0
4.0	25.806451612903224	16.129032258064516	12.903225806451612	45.16129032258064	0.0
5.0	25.806451612903224	25.806451612903224	12.903225806451612	35.483870967741936	0.0
6.0	45.16129032258064	32.25806451612903	3.225806451612903	19.35483870967742	0.0
7.0	12.903225806451612	12.903225806451612	25.806451612903224	48.38709677419355	0.0
8.0	22.58064516129032	35.483870967741936	9.67741935483871	32.25806451612903	0.0
9.0	25.806451612903224	22.58064516129032	12.903225806451612	38.70967741935484	0.0
10.0	16.129032258064516	35.483870967741936	19.35483870967742	29.03225806451613	0.0
11.0	22.58064516129032	29.03225806451613	12.903225806451612	35.483870967741936	0.0
12.0	25.806451612903224	25.806451612903224	16.129032258064516	32.25806451612903	0.0
13.0	12.903225806451612	25.806451612903224	25.806451612903224	35.483870967741936	0.0
14.0	38.70967741935484	19.35483870967742	16.129032258064516	25.806451612903224	0.0
15.0	32.25806451612903	19.35483870967742	19.35483870967742	29.03225806451613	0.0
16.0	22.58064516129032	16.129032258064516	12.903225806451612	48.38709677419355	0.0
17.0	32.25806451612903	16.129032258064516	16.129032258064516	35.483870967741936	0.0
18.0	25.806451612903224	45.16129032258064	6.451612903225806	22.58064516129032	0.0
19.0	19.35483870967742	16.129032258064516	12.903225806451612	51.61290322580645	0.0
20.0	38.70967741935484	12.903225806451612	22.58064516129032	25.806451612903224	0.0
21.0	45.16129032258064	19.35483870967742	16.129032258064516	19.35483870967742	0.0
22.0	25.806451612903224	19.35483870967742	22.58064516129032	32.25806451612903	0.0
23.0	29.03225806451613	22.58064516129032	16.129032258064516	32.25806451612903	0.0
24.0	32.25806451612903	29.03225806451613	12.903225806451612	25.806451612903224	0.0
25.0	29.03225806451613	25.806451612903224	22.58064516129032	22.58064516129032	0.0
26.0	41.935483870967744	29.03225806451613	3.225806451612903	25.806451612903224	0.0
27.0	41.935483870967744	29.03225806451613	9.67741935483871	19.35483870967742	0.0
28.0	19.35483870967742	38.70967741935484	19.35483870967742	22.58064516129032	0.0
29.0	22.58064516129032	32.25806451612903	16.129032258064516	29.03225806451613	0.0
30.0	32.25806451612903	22.58064516129032	19.35483870967742	25.806451612903224	0.0
31.0	23.333333333333332	23.333333333333332	13.333333333333334	40.0	0.0
32.0	25.0	17.857142857142858	14.285714285714285	42.857142857142854	0.0
33.0	38.46153846153847	23.076923076923077	19.230769230769234	19.230769230769234	0.0
34.0	19.230769230769234	15.384615384615385	34.61538461538461	30.76923076923077	0.0
35.0	23.076923076923077	19.230769230769234	23.076923076923077	34.61538461538461	0.0
36.0	26.923076923076923	34.61538461538461	15.384615384615385	23.076923076923077	0.0
37.0	45.83333333333333	20.833333333333336	16.666666666666664	16.666666666666664	0.0
38.0	22.727272727272727	13.636363636363635	27.27272727272727	36.36363636363637	0.0
39.0	23.809523809523807	23.809523809523807	23.809523809523807	28.57142857142857	0.0
40.0	20.0	30.0	35.0	15.0	0.0
41.0	10.526315789473683	42.10526315789473	15.789473684210526	31.57894736842105	0.0
42.0	27.77777777777778	11.11111111111111	22.22222222222222	38.88888888888889	0.0
43.0	37.5	25.0	12.5	25.0	0.0
44.0	37.5	31.25	12.5	18.75	0.0
45.0	38.46153846153847	23.076923076923077	7.6923076923076925	30.76923076923077	0.0
46.0	33.33333333333333	50.0	0.0	16.666666666666664	0.0
47.0	50.0	25.0	0.0	25.0	0.0
48.0	27.27272727272727	27.27272727272727	36.36363636363637	9.090909090909092	0.0
49.0	54.54545454545454	9.090909090909092	18.181818181818183	18.181818181818183	0.0
50.0	18.181818181818183	18.181818181818183	27.27272727272727	36.36363636363637	0.0
51.0	27.27272727272727	18.181818181818183	18.181818181818183	36.36363636363637	0.0
52.0	20.0	70.0	10.0	0.0	0.0
53.0	33.33333333333333	0.0	11.11111111111111	55.55555555555556	0.0
54.0	33.33333333333333	11.11111111111111	22.22222222222222	33.33333333333333	0.0
55.0	25.0	25.0	25.0	25.0	0.0
56.0	12.5	62.5	0.0	25.0	0.0
57.0	37.5	37.5	0.0	25.0	0.0
58.0	25.0	37.5	0.0	37.5	0.0
59.0	14.285714285714285	71.42857142857143	0.0	14.285714285714285	0.0
60.0	28.57142857142857	28.57142857142857	0.0	42.857142857142854	0.0
61.0	33.33333333333333	33.33333333333333	16.666666666666664	16.666666666666664	0.0
62.0	0.0	50.0	16.666666666666664	33.33333333333333	0.0
63.0	50.0	0.0	0.0	50.0	0.0
64.0	50.0	16.666666666666664	33.33333333333333	0.0	0.0
65.0	33.33333333333333	0.0	16.666666666666664	50.0	0.0
66.0	0.0	0.0	33.33333333333333	66.66666666666666	0.0
67.0	40.0	20.0	0.0	40.0	0.0
68.0	50.0	50.0	0.0	0.0	0.0
69.0	50.0	50.0	0.0	0.0	0.0
70.0	50.0	25.0	0.0	25.0	0.0
71.0	66.66666666666666	0.0	33.33333333333333	0.0	0.0
72.0	0.0	0.0	0.0	100.0	0.0
73.0	33.33333333333333	33.33333333333333	33.33333333333333	0.0	0.0
74.0	33.33333333333333	33.33333333333333	33.33333333333333	0.0	0.0
75.0	66.66666666666666	0.0	0.0	33.33333333333333	0.0
76.0	33.33333333333333	0.0	0.0	66.66666666666666	0.0
77.0	33.33333333333333	0.0	33.33333333333333	33.33333333333333	0.0
78.0	33.33333333333333	33.33333333333333	33.33333333333333	0.0	0.0
79.0	0.0	66.66666666666666	0.0	33.33333333333333	0.0
80.0	33.33333333333333	66.66666666666666	0.0	0.0	0.0
81.0	0.0	33.33333333333333	33.33333333333333	33.33333333333333	0.0
82.0	0.0	66.66666666666666	33.33333333333333	0.0	0.0
83.0	33.33333333333333	66.66666666666666	0.0	0.0	0.0
84.0	33.33333333333333	33.33333333333333	0.0	33.33333333333333	0.0
85.0	0.0	66.66666666666666	0.0	33.33333333333333	0.0
86.0	0.0	100.0	0.0	0.0	0.0
87.0	100.0	0.0	0.0	0.0	0.0
88.0	0.0	50.0	50.0	0.0	0.0
89.0	50.0	50.0	0.0	0.0	0.0
90.0	0.0	0.0	0.0	100.0	0.0
91.0	50.0	0.0	0.0	50.0	0.0
92.0	0.0	0.0	50.0	50.0	0.0
93.0	50.0	0.0	50.0	0.0	0.0
94.0	0.0	0.0	50.0	50.0	0.0
95.0	0.0	0.0	50.0	50.0	0.0
96.0	50.0	0.0	0.0	50.0	0.0
97.0	0.0	50.0	0.0	50.0	0.0
98.0	0.0	100.0	0.0	0.0	0.0
99.0	50.0	50.0	0.0	0.0	0.0
100.0	0.0	0.0	50.0	50.0	0.0
101.0	0.0	0.0	0.0	100.0	0.0
102.0	0.0	50.0	50.0	0.0	0.0
103.0	50.0	0.0	0.0	50.0	0.0
104.0	0.0	100.0	0.0	0.0	0.0
105.0	0.0	50.0	0.0	50.0	0.0
106.0	50.0	0.0	0.0	50.0	0.0
107.0	0.0	100.0	0.0	0.0	0.0
108.0	0.0	100.0	0.0	0.0	0.0
109.0	100.0	0.0	0.0	0.0	0.0
110.0	0.0	0.0	0.0	100.0	0.0
111.0	0.0	100.0	0.0	0.0	0.0
112.0	0.0	100.0	0.0	0.0	0.0
113.0	0.0	0.0	0.0	100.0	0.0
114.0	0.0	100.0	0.0	0.0	0.0
115.0	0.0	100.0	0.0	0.0	0.0
116.0	0.0	0.0	100.0	0.0	0.0
117.0	0.0	0.0	0.0	100.0	0.0
118.0	0.0	0.0	100.0	0.0	0.0
119.0	100.0	0.0	0.0	0.0	0.0
120.0	100.0	0.0	0.0	0.0	0.0
121.0	100.0	0.0	0.0	0.0	0.0
122.0	0.0	0.0	0.0	100.0	0.0
123.0	0.0	100.0	0.0	0.0	0.0
124.0	100.0	0.0	0.0	0.0	0.0
125.0	100.0	0.0	0.0	0.0	0.0
126.0	0.0	0.0	0.0	100.0	0.0
127.0	100.0	0.0	0.0	0.0	0.0
128.0	0.0	0.0	0.0	100.0	0.0
129.0	0.0	100.0	0.0	0.0	0.0
130.0	0.0	100.0	0.0	0.0	0.0
131.0	0.0	100.0	0.0	0.0	0.0
132.0	0.0	0.0	100.0	0.0	0.0
