# Position (bp)	A	C	G	T	N
0.0	21.978021978021978	17.582417582417584	15.934065934065933	44.505494505494504	0.0
1.0	25.0	16.208791208791208	14.010989010989011	44.78021978021978	0.0
2.0	29.67032967032967	18.40659340659341	14.560439560439562	37.362637362637365	0.0
3.0	26.373626373626376	15.659340659340659	18.40659340659341	39.56043956043956	0.0
4.0	29.120879120879124	22.252747252747252	13.736263736263737	34.89010989010989	0.0
5.0	23.626373626373624	20.604395604395602	21.153846153846153	34.61538461538461	0.0
6.0	23.9010989010989	20.054945054945055	21.428571428571427	34.61538461538461	0.0
7.0	26.098901098901102	19.505494505494507	18.13186813186813	36.26373626373626	0.0
8.0	29.120879120879124	18.681318681318682	17.857142857142858	34.34065934065934	0.0
9.0	26.373626373626376	26.373626373626376	17.582417582417584	29.67032967032967	0.0
10.0	24.45054945054945	22.252747252747252	21.703296703296704	31.59340659340659	0.0
11.0	26.098901098901102	21.153846153846153	20.87912087912088	31.868131868131865	0.0
12.0	23.626373626373624	24.175824175824175	21.428571428571427	30.76923076923077	0.0
13.0	29.120879120879124	20.604395604395602	19.505494505494507	30.76923076923077	0.0
14.0	29.120879120879124	21.153846153846153	18.681318681318682	31.043956043956044	0.0
15.0	24.175824175824175	19.78021978021978	23.9010989010989	32.142857142857146	0.0
16.0	21.978021978021978	23.35164835164835	20.32967032967033	34.34065934065934	0.0
17.0	28.846153846153843	19.78021978021978	24.725274725274726	26.64835164835165	0.0
18.0	25.274725274725274	22.802197802197803	23.35164835164835	28.57142857142857	0.0
19.0	29.120879120879124	21.703296703296704	25.82417582417583	23.35164835164835	0.0
20.0	22.52747252747253	23.35164835164835	25.82417582417583	28.296703296703296	0.0
21.0	29.67032967032967	20.87912087912088	20.32967032967033	29.120879120879124	0.0
22.0	27.747252747252748	26.373626373626376	19.78021978021978	26.098901098901102	0.0
23.0	22.802197802197803	29.67032967032967	21.153846153846153	26.373626373626376	0.0
24.0	27.472527472527474	22.52747252747253	21.703296703296704	28.296703296703296	0.0
25.0	30.494505494505496	25.549450549450547	20.054945054945055	23.9010989010989	0.0
26.0	26.64835164835165	22.52747252747253	25.549450549450547	25.274725274725274	0.0
27.0	29.120879120879124	25.0	18.40659340659341	27.472527472527474	0.0
28.0	30.494505494505496	25.0	19.505494505494507	25.0	0.0
29.0	26.373626373626376	22.252747252747252	21.703296703296704	29.67032967032967	0.0
30.0	28.846153846153843	23.35164835164835	22.252747252747252	25.549450549450547	0.0
31.0	27.348066298342545	22.375690607734807	20.165745856353592	30.11049723756906	0.0
32.0	31.75487465181058	23.955431754874652	20.055710306406684	24.233983286908078	0.0
33.0	28.851540616246496	19.607843137254903	19.047619047619047	32.49299719887955	0.0
34.0	31.53409090909091	24.431818181818183	17.897727272727273	26.136363636363637	0.0
35.0	31.142857142857146	22.285714285714285	22.285714285714285	24.285714285714285	0.0
36.0	25.872093023255815	22.96511627906977	17.441860465116278	33.72093023255814	0.0
37.0	30.473372781065088	20.118343195266274	16.272189349112427	33.13609467455622	0.0
38.0	31.94029850746269	24.17910447761194	19.1044776119403	24.776119402985074	0.0
39.0	31.076923076923073	19.692307692307693	19.692307692307693	29.53846153846154	0.0
40.0	33.33333333333333	23.270440251572328	20.440251572327046	22.955974842767297	0.0
41.0	30.35143769968051	26.837060702875398	19.488817891373802	23.322683706070286	0.0
42.0	23.934426229508198	28.852459016393446	16.721311475409838	30.491803278688522	0.0
43.0	35.66666666666667	20.666666666666668	17.333333333333336	26.333333333333332	0.0
44.0	31.74061433447099	17.4061433447099	21.843003412969285	29.01023890784983	0.0
45.0	31.690140845070424	23.943661971830984	20.774647887323944	23.591549295774648	0.0
46.0	29.24187725631769	18.050541516245488	24.548736462093864	28.158844765342963	0.0
47.0	27.941176470588236	23.161764705882355	19.852941176470587	29.044117647058826	0.0
48.0	29.389312977099237	20.610687022900763	19.46564885496183	30.53435114503817	0.0
49.0	34.523809523809526	20.238095238095237	16.666666666666664	28.57142857142857	0.0
50.0	35.294117647058826	21.84873949579832	17.22689075630252	25.630252100840334	0.0
51.0	31.858407079646017	20.79646017699115	16.371681415929203	30.973451327433626	0.0
52.0	32.71889400921659	21.19815668202765	23.04147465437788	23.04147465437788	0.0
53.0	30.14354066985646	23.923444976076556	19.617224880382775	26.31578947368421	0.0
54.0	32.35294117647059	18.627450980392158	23.03921568627451	25.98039215686275	0.0
55.0	30.15075376884422	24.623115577889447	18.090452261306535	27.1356783919598	0.0
56.0	36.97916666666667	19.791666666666664	15.625	27.604166666666668	0.0
57.0	35.51912568306011	19.12568306010929	19.12568306010929	26.229508196721312	0.0
58.0	33.70786516853933	25.842696629213485	11.235955056179774	29.213483146067414	0.0
59.0	38.72832369942196	16.76300578034682	16.76300578034682	27.74566473988439	0.0
60.0	32.05128205128205	19.871794871794872	17.94871794871795	30.128205128205128	0.0
61.0	28.000000000000004	26.666666666666668	20.666666666666668	24.666666666666668	0.0
62.0	34.93150684931507	23.972602739726025	17.80821917808219	23.28767123287671	0.0
63.0	24.285714285714285	28.57142857142857	22.142857142857142	25.0	0.0
64.0	27.941176470588236	21.323529411764707	18.38235294117647	32.35294117647059	0.0
65.0	29.230769230769234	25.384615384615383	23.076923076923077	22.30769230769231	0.0
66.0	30.081300813008134	23.577235772357724	17.073170731707318	29.268292682926827	0.0
67.0	25.663716814159294	29.20353982300885	15.04424778761062	30.08849557522124	0.0
68.0	37.96296296296296	17.59259259259259	18.51851851851852	25.925925925925924	0.0
69.0	32.075471698113205	29.245283018867923	15.09433962264151	23.58490566037736	0.0
70.0	30.392156862745097	19.607843137254903	16.666666666666664	33.33333333333333	0.0
71.0	24.210526315789473	24.210526315789473	15.789473684210526	35.78947368421053	0.0
72.0	24.731182795698924	20.43010752688172	23.655913978494624	31.182795698924732	0.0
73.0	38.20224719101123	19.101123595505616	20.224719101123593	22.47191011235955	0.0
74.0	31.32530120481928	20.481927710843372	14.457831325301203	33.734939759036145	0.0
75.0	30.76923076923077	17.94871794871795	20.51282051282051	30.76923076923077	0.0
76.0	38.15789473684211	15.789473684210526	19.736842105263158	26.31578947368421	0.0
77.0	34.21052631578947	13.157894736842104	19.736842105263158	32.89473684210527	0.0
78.0	33.33333333333333	29.333333333333332	10.666666666666668	26.666666666666668	0.0
79.0	45.94594594594595	24.324324324324326	13.513513513513514	16.216216216216218	0.0
80.0	31.428571428571427	20.0	18.571428571428573	30.0	0.0
81.0	21.875	23.4375	18.75	35.9375	0.0
82.0	40.67796610169492	13.559322033898304	23.728813559322035	22.033898305084744	0.0
83.0	28.57142857142857	21.428571428571427	19.642857142857142	30.357142857142854	0.0
84.0	29.629629629629626	25.925925925925924	14.814814814814813	29.629629629629626	0.0
85.0	33.9622641509434	32.075471698113205	16.9811320754717	16.9811320754717	0.0
86.0	26.0	16.0	18.0	40.0	0.0
87.0	21.27659574468085	34.04255319148936	10.638297872340425	34.04255319148936	0.0
88.0	37.77777777777778	20.0	11.11111111111111	31.11111111111111	0.0
89.0	23.25581395348837	18.6046511627907	27.906976744186046	30.23255813953488	0.0
90.0	30.76923076923077	20.51282051282051	23.076923076923077	25.64102564102564	0.0
91.0	19.444444444444446	36.11111111111111	16.666666666666664	27.77777777777778	0.0
92.0	24.242424242424242	18.181818181818183	18.181818181818183	39.39393939393939	0.0
93.0	30.303030303030305	24.242424242424242	18.181818181818183	27.27272727272727	0.0
94.0	32.25806451612903	16.129032258064516	19.35483870967742	32.25806451612903	0.0
95.0	13.333333333333334	26.666666666666668	26.666666666666668	33.33333333333333	0.0
96.0	28.57142857142857	14.285714285714285	25.0	32.142857142857146	0.0
97.0	39.285714285714285	14.285714285714285	25.0	21.428571428571427	0.0
98.0	44.0	20.0	16.0	20.0	0.0
99.0	44.0	24.0	16.0	16.0	0.0
100.0	36.0	24.0	20.0	20.0	0.0
101.0	44.0	8.0	20.0	28.000000000000004	0.0
102.0	44.0	8.0	32.0	16.0	0.0
103.0	21.73913043478261	30.434782608695656	26.08695652173913	21.73913043478261	0.0
104.0	22.727272727272727	31.818181818181817	9.090909090909092	36.36363636363637	0.0
105.0	38.095238095238095	4.761904761904762	23.809523809523807	33.33333333333333	0.0
106.0	15.789473684210526	26.31578947368421	15.789473684210526	42.10526315789473	0.0
107.0	21.052631578947366	21.052631578947366	47.368421052631575	10.526315789473683	0.0
108.0	23.52941176470588	29.411764705882355	11.76470588235294	35.294117647058826	0.0
109.0	37.5	18.75	25.0	18.75	0.0
110.0	40.0	20.0	20.0	20.0	0.0
111.0	42.857142857142854	21.428571428571427	14.285714285714285	21.428571428571427	0.0
112.0	28.57142857142857	28.57142857142857	7.142857142857142	35.714285714285715	0.0
113.0	38.46153846153847	23.076923076923077	7.6923076923076925	30.76923076923077	0.0
114.0	50.0	16.666666666666664	16.666666666666664	16.666666666666664	0.0
115.0	45.45454545454545	18.181818181818183	27.27272727272727	9.090909090909092	0.0
116.0	45.45454545454545	9.090909090909092	0.0	45.45454545454545	0.0
117.0	30.0	40.0	30.0	0.0	0.0
118.0	20.0	20.0	10.0	50.0	0.0
119.0	50.0	20.0	20.0	10.0	0.0
120.0	50.0	30.0	10.0	10.0	0.0
121.0	25.0	25.0	12.5	37.5	0.0
122.0	25.0	12.5	25.0	37.5	0.0
123.0	25.0	25.0	37.5	12.5	0.0
124.0	28.57142857142857	42.857142857142854	0.0	28.57142857142857	0.0
125.0	42.857142857142854	28.57142857142857	14.285714285714285	14.285714285714285	0.0
126.0	0.0	57.14285714285714	14.285714285714285	28.57142857142857	0.0
127.0	42.857142857142854	28.57142857142857	14.285714285714285	14.285714285714285	0.0
128.0	33.33333333333333	16.666666666666664	0.0	50.0	0.0
129.0	40.0	20.0	0.0	40.0	0.0
130.0	80.0	0.0	0.0	20.0	0.0
131.0	50.0	25.0	25.0	0.0	0.0
132.0	0.0	33.33333333333333	33.33333333333333	33.33333333333333	0.0
133.0	33.33333333333333	0.0	0.0	66.66666666666666	0.0
134.0	50.0	0.0	50.0	0.0	0.0
