# Position (bp)	A	C	G	T	N
0.0	21.856287425149702	13.77245508982036	24.251497005988025	40.119760479041915	0.0
1.0	23.353293413173652	14.67065868263473	21.55688622754491	40.41916167664671	0.0
2.0	30.239520958083833	16.16766467065868	14.67065868263473	38.92215568862276	0.0
3.0	26.646706586826348	15.868263473053892	17.365269461077844	40.119760479041915	0.0
4.0	28.443113772455092	17.664670658682635	15.868263473053892	38.02395209580838	0.0
5.0	23.053892215568865	16.16766467065868	22.45508982035928	38.32335329341318	0.0
6.0	24.550898203592812	19.46107784431138	17.964071856287426	38.02395209580838	0.0
7.0	23.652694610778443	16.46706586826347	21.25748502994012	38.622754491017965	0.0
8.0	27.245508982035926	17.365269461077844	22.15568862275449	33.23353293413174	0.0
9.0	25.149700598802394	17.964071856287426	24.550898203592812	32.33532934131736	0.0
10.0	22.15568862275449	19.46107784431138	24.251497005988025	34.13173652694611	0.0
11.0	28.143712574850298	19.16167664670659	22.45508982035928	30.239520958083833	0.0
12.0	27.844311377245507	14.071856287425149	22.45508982035928	35.62874251497006	0.0
13.0	27.54491017964072	20.65868263473054	21.856287425149702	29.94011976047904	0.0
14.0	23.053892215568865	18.862275449101794	22.45508982035928	35.62874251497006	0.0
15.0	24.251497005988025	19.46107784431138	24.850299401197603	31.437125748502993	0.0
16.0	30.83832335329341	16.46706586826347	23.353293413173652	29.34131736526946	0.0
17.0	25.748502994011975	18.862275449101794	23.053892215568865	32.33532934131736	0.0
18.0	25.748502994011975	20.059880239520957	25.149700598802394	29.041916167664674	0.0
19.0	22.15568862275449	22.45508982035928	21.55688622754491	33.83233532934132	0.0
20.0	20.059880239520957	22.75449101796407	22.75449101796407	34.4311377245509	0.0
21.0	29.34131736526946	20.059880239520957	24.550898203592812	26.047904191616766	0.0
22.0	26.646706586826348	19.760479041916167	21.856287425149702	31.736526946107784	0.0
23.0	25.449101796407188	23.353293413173652	23.053892215568865	28.143712574850298	0.0
24.0	26.34730538922156	22.75449101796407	20.65868263473054	30.239520958083833	0.0
25.0	29.041916167664674	23.353293413173652	19.760479041916167	27.844311377245507	0.0
26.0	28.74251497005988	21.55688622754491	18.562874251497004	31.137724550898206	0.0
27.0	29.94011976047904	21.25748502994012	21.856287425149702	26.94610778443114	0.0
28.0	25.449101796407188	20.65868263473054	21.55688622754491	32.33532934131736	0.0
29.0	26.34730538922156	22.15568862275449	24.550898203592812	26.94610778443114	0.0
30.0	31.32530120481928	19.57831325301205	21.987951807228914	27.10843373493976	0.0
31.0	26.36363636363636	23.03030303030303	22.12121212121212	28.484848484848484	0.0
32.0	27.659574468085108	18.237082066869302	25.53191489361702	28.57142857142857	0.0
33.0	29.48328267477204	19.45288753799392	20.364741641337385	30.69908814589666	0.0
34.0	30.368098159509206	19.018404907975462	23.619631901840492	26.993865030674847	0.0
35.0	25.85669781931464	21.806853582554517	25.54517133956386	26.791277258566975	0.0
36.0	30.063291139240505	21.202531645569618	17.72151898734177	31.0126582278481	0.0
37.0	30.670926517571885	20.12779552715655	19.808306709265175	29.39297124600639	0.0
38.0	26.058631921824105	16.612377850162865	26.710097719869708	30.618892508143325	0.0
39.0	31.683168316831683	16.831683168316832	22.442244224422442	29.042904290429046	0.0
40.0	30.564784053156146	17.60797342192691	23.25581395348837	28.57142857142857	0.0
41.0	26.755852842809364	17.391304347826086	23.745819397993312	32.10702341137124	0.0
42.0	35.39518900343643	19.243986254295535	21.305841924398624	24.054982817869416	0.0
43.0	33.33333333333333	19.148936170212767	19.50354609929078	28.01418439716312	0.0
44.0	35.0	15.357142857142858	19.28571428571429	30.357142857142854	0.0
45.0	31.02189781021898	18.248175182481752	16.423357664233578	34.306569343065696	0.0
46.0	31.69811320754717	18.867924528301888	21.132075471698116	28.30188679245283	0.0
47.0	33.587786259541986	20.229007633587788	19.84732824427481	26.33587786259542	0.0
48.0	31.1284046692607	17.898832684824903	23.346303501945524	27.626459143968873	0.0
49.0	32.27091633466135	17.928286852589643	23.904382470119522	25.89641434262948	0.0
50.0	29.918032786885245	18.442622950819672	20.901639344262296	30.737704918032787	0.0
51.0	36.708860759493675	16.455696202531644	17.29957805907173	29.535864978902953	0.0
52.0	31.004366812227076	20.087336244541483	21.397379912663755	27.510917030567683	0.0
53.0	30.275229357798167	18.34862385321101	22.477064220183486	28.899082568807337	0.0
54.0	30.952380952380953	15.714285714285714	25.71428571428571	27.61904761904762	0.0
55.0	28.71287128712871	18.316831683168317	23.26732673267327	29.7029702970297	0.0
56.0	32.323232323232325	15.151515151515152	27.77777777777778	24.747474747474747	0.0
57.0	28.497409326424872	20.72538860103627	26.94300518134715	23.83419689119171	0.0
58.0	31.25	13.020833333333334	27.083333333333332	28.645833333333332	0.0
59.0	30.434782608695656	15.760869565217392	25.543478260869566	28.26086956521739	0.0
60.0	28.888888888888886	16.666666666666664	25.555555555555554	28.888888888888886	0.0
61.0	33.13953488372093	13.372093023255813	23.25581395348837	30.23255813953488	0.0
62.0	26.666666666666668	23.03030303030303	27.27272727272727	23.03030303030303	0.0
63.0	39.62264150943396	13.20754716981132	23.270440251572328	23.89937106918239	0.0
64.0	29.03225806451613	20.64516129032258	23.225806451612904	27.09677419354839	0.0
65.0	41.830065359477125	16.33986928104575	19.607843137254903	22.22222222222222	0.0
66.0	39.189189189189186	14.18918918918919	19.594594594594593	27.027027027027028	0.0
67.0	29.71014492753623	15.217391304347828	27.536231884057973	27.536231884057973	0.0
68.0	33.33333333333333	15.909090909090908	28.78787878787879	21.96969696969697	0.0
69.0	29.133858267716533	26.77165354330709	20.47244094488189	23.62204724409449	0.0
70.0	31.40495867768595	19.00826446280992	19.834710743801654	29.75206611570248	0.0
71.0	34.45378151260504	22.689075630252102	19.327731092436977	23.52941176470588	0.0
72.0	28.947368421052634	18.421052631578945	19.298245614035086	33.33333333333333	0.0
73.0	32.432432432432435	18.91891891891892	19.81981981981982	28.82882882882883	0.0
74.0	31.428571428571427	16.19047619047619	26.666666666666668	25.71428571428571	0.0
75.0	39.0	21.0	19.0	21.0	0.0
76.0	29.591836734693878	19.387755102040817	20.408163265306122	30.612244897959183	0.0
77.0	39.56043956043956	16.483516483516482	19.78021978021978	24.175824175824175	0.0
78.0	32.95454545454545	20.454545454545457	20.454545454545457	26.136363636363637	0.0
79.0	24.705882352941178	20.0	22.35294117647059	32.94117647058823	0.0
80.0	26.506024096385545	19.27710843373494	18.072289156626507	36.144578313253014	0.0
81.0	28.57142857142857	14.285714285714285	29.87012987012987	27.27272727272727	0.0
82.0	32.89473684210527	18.421052631578945	30.263157894736842	18.421052631578945	0.0
83.0	34.24657534246575	8.21917808219178	28.767123287671232	28.767123287671232	0.0
84.0	30.555555555555557	18.055555555555554	26.38888888888889	25.0	0.0
85.0	30.0	21.428571428571427	18.571428571428573	30.0	0.0
86.0	34.375	21.875	17.1875	26.5625	0.0
87.0	41.269841269841265	17.46031746031746	11.11111111111111	30.158730158730158	0.0
88.0	45.16129032258064	14.516129032258066	22.58064516129032	17.741935483870968	0.0
89.0	40.98360655737705	8.19672131147541	19.672131147540984	31.147540983606557	0.0
90.0	32.758620689655174	20.689655172413794	18.96551724137931	27.586206896551722	0.0
91.0	30.18867924528302	22.641509433962266	28.30188679245283	18.867924528301888	0.0
92.0	34.69387755102041	14.285714285714285	18.367346938775512	32.6530612244898	0.0
93.0	33.33333333333333	16.666666666666664	29.166666666666668	20.833333333333336	0.0
94.0	31.914893617021278	19.148936170212767	25.53191489361702	23.404255319148938	0.0
95.0	31.818181818181817	13.636363636363635	22.727272727272727	31.818181818181817	0.0
96.0	30.23255813953488	18.6046511627907	18.6046511627907	32.55813953488372	0.0
97.0	26.190476190476193	28.57142857142857	14.285714285714285	30.952380952380953	0.0
98.0	35.8974358974359	20.51282051282051	5.128205128205128	38.46153846153847	0.0
99.0	38.88888888888889	19.444444444444446	11.11111111111111	30.555555555555557	0.0
100.0	17.142857142857142	14.285714285714285	31.428571428571427	37.142857142857146	0.0
101.0	42.42424242424242	12.121212121212121	27.27272727272727	18.181818181818183	0.0
102.0	36.666666666666664	20.0	33.33333333333333	10.0	0.0
103.0	17.24137931034483	24.137931034482758	24.137931034482758	34.48275862068966	0.0
104.0	35.714285714285715	14.285714285714285	17.857142857142858	32.142857142857146	0.0
105.0	44.0	16.0	28.000000000000004	12.0	0.0
106.0	37.5	20.833333333333336	12.5	29.166666666666668	0.0
107.0	27.27272727272727	22.727272727272727	9.090909090909092	40.909090909090914	0.0
108.0	17.647058823529413	41.17647058823529	17.647058823529413	23.52941176470588	0.0
109.0	31.25	31.25	25.0	12.5	0.0
110.0	18.75	37.5	25.0	18.75	0.0
111.0	20.0	40.0	26.666666666666668	13.333333333333334	0.0
112.0	33.33333333333333	13.333333333333334	20.0	33.33333333333333	0.0
113.0	20.0	20.0	26.666666666666668	33.33333333333333	0.0
114.0	33.33333333333333	6.666666666666667	26.666666666666668	33.33333333333333	0.0
115.0	33.33333333333333	33.33333333333333	13.333333333333334	20.0	0.0
116.0	21.428571428571427	14.285714285714285	28.57142857142857	35.714285714285715	0.0
117.0	23.076923076923077	23.076923076923077	7.6923076923076925	46.15384615384615	0.0
118.0	41.66666666666667	25.0	16.666666666666664	16.666666666666664	0.0
119.0	22.22222222222222	22.22222222222222	33.33333333333333	22.22222222222222	0.0
120.0	14.285714285714285	42.857142857142854	14.285714285714285	28.57142857142857	0.0
121.0	0.0	0.0	50.0	50.0	0.0
122.0	33.33333333333333	33.33333333333333	0.0	33.33333333333333	0.0
123.0	66.66666666666666	33.33333333333333	0.0	0.0	0.0
124.0	33.33333333333333	33.33333333333333	33.33333333333333	0.0	0.0
125.0	33.33333333333333	0.0	33.33333333333333	33.33333333333333	0.0
126.0	0.0	0.0	50.0	50.0	0.0
127.0	50.0	50.0	0.0	0.0	0.0
128.0	0.0	0.0	0.0	100.0	0.0
129.0	100.0	0.0	0.0	0.0	0.0
130.0	100.0	0.0	0.0	0.0	0.0
131.0	0.0	0.0	100.0	0.0	0.0
132.0	0.0	100.0	0.0	0.0	0.0
133.0	100.0	0.0	0.0	0.0	0.0
134.0	0.0	0.0	0.0	100.0	0.0
135.0	100.0	0.0	0.0	0.0	0.0
136.0	100.0	0.0	0.0	0.0	0.0
