# Position (bp)	A	C	G	T	N
0.0	22.690081685773762	24.298575122999473	21.083311754478594	31.927863289828117	1.681469200528654E-4
1.0	22.14621047286277	24.00293080081652	25.178319808716065	28.672538917604644	0.0
2.0	23.77837058908592	26.49049633607861	26.268248144498735	23.46288493033673	0.0
3.0	25.05763235684812	27.03113072077859	24.16742052535824	23.743816397015056	0.0
4.0	23.48562680127388	28.17553865865839	24.827229039645683	23.511605500422046	0.0
5.0	23.007458997373543	27.76433536566911	26.56927316812338	22.657713403663585	0.0012190651703832742
6.0	24.22849989406744	26.533373800692097	26.012454642368315	23.225671662872152	0.0
7.0	23.301379813625953	27.563399796205935	25.797268621430664	23.337951768737454	0.0
8.0	23.04777222145622	27.396135647483344	26.63081494086273	22.925277190197708	0.0
9.0	24.022603990462706	26.593402251150966	25.836615000723036	23.547378757663296	0.0
10.0	23.43921825133929	27.286293671958813	25.819295867957585	23.455192208744315	0.0
11.0	23.295326524504052	27.37061935236532	26.658012705181278	22.676041417949346	0.0
12.0	24.082548367461555	26.58331343594779	25.85439653751862	23.479741659072033	0.0
13.0	23.50025558331848	27.20390168113291	25.719458634176195	23.576384101372415	0.0
14.0	23.40209981873762	27.200496706001836	26.512985986635684	22.884417488624862	0.0
15.0	24.100245830797117	26.45909489875874	25.874279910814874	23.56637935962927	0.0
16.0	23.575585403502163	27.03634327530023	25.75964574806883	23.628425573128776	0.0
17.0	23.353841652682448	27.056773126086647	26.48141640239576	23.107968818835147	0.0
18.0	24.136901859368642	26.338827814190928	25.91791403656859	23.606356289871837	0.0
19.0	23.622204137086822	26.95811292074563	25.836026486502846	23.583656455664702	0.0
20.0	23.51828934049415	26.89652911127627	26.640651535685823	22.94453001254376	0.0
21.0	24.1806620953124	26.209775053050354	25.968021818744347	23.641541032892903	0.0
22.0	23.670756560252084	26.74401985478832	25.860155569530434	23.725068015429162	0.0
23.0	23.57419819141173	26.694542623562768	26.621945190829937	23.109313994195567	0.0
24.0	24.109830205240133	26.07744342696875	25.96676071684395	23.84596565094717	0.0
25.0	23.59618340120864	26.61786762801866	25.860029459340396	23.92591951143231	0.0
26.0	23.483398854583182	26.601347193123466	26.579950497546733	23.33530345474662	0.0
27.0	24.019451235711717	25.993748297512436	26.081647099970066	23.90515336680578	0.0
28.0	23.632923503240193	26.454849189027406	26.005686728836185	23.906540578896216	0.0
29.0	23.557047205566338	26.44404574941401	26.658979549971583	23.339927495048073	0.0
30.0	24.163858270472062	25.879464042901528	26.075099599157923	23.881578087468487	0.0
31.0	23.689968670748232	26.329524803700078	26.024359858427847	23.956146667123843	0.0
32.0	23.58826210229746	26.41465275534898	26.650139211048035	23.34694593130553	0.0
33.0	24.113466668095	25.841433759333256	26.140097912136177	23.90500166043557	0.0
34.0	23.76058438614886	26.220945924903194	26.008133583863636	24.010336105084313	0.0
35.0	23.599827190226005	26.395554919410152	26.61918337314349	23.385434517220354	0.0
36.0	24.17658632431756	25.770786907738085	26.18975987816859	23.862866889775763	0.0
37.0	23.7575320548933	26.30497780381729	26.008653131126486	23.928837010162923	0.0
38.0	23.678440356035193	26.204773424646984	26.755874158836594	23.360912060481233	0.0
39.0	24.25605998606105	25.676160473550564	26.206345024486584	23.8614345159018	0.0
40.0	23.785474702673223	26.200319207967617	26.15088392385536	23.8633221655038	0.0
41.0	23.713085514902243	26.239303327420515	26.833541256505722	23.214069901171516	0.0
42.0	24.227071124027912	25.774176420803858	26.31161873433084	23.68713372083739	0.0
43.0	23.792235203110632	26.297492590989314	26.22956278512204	23.68070942077802	0.0
44.0	23.71102987924521	26.2066780466255	26.893165804032048	23.189126270097244	0.0
45.0	24.2321128830062	25.780955801762452	26.31294093226183	23.67399038296952	0.0
46.0	23.729582933548794	26.344931293169715	26.227885602706753	23.697600170574738	0.0
47.0	23.62097331866765	26.343986838013823	26.864711396999102	23.170328446319424	0.0
48.0	24.167114744811496	25.877833094091606	26.384081383793333	23.57097077730356	0.0
49.0	23.68276034311694	26.306212051836575	26.35523053286009	23.65579707218639	0.0
50.0	23.604092943715585	26.410136551645984	26.899347889913926	23.0864226147245	0.0
51.0	24.11822524668073	25.881474472456574	26.553302855937922	23.446997424924778	0.0
52.0	23.604463058990383	26.469358019766876	26.441311549882553	23.484867371360192	0.0
53.0	23.58307276100212	26.417754452747754	27.016585276026845	22.982587510223283	0.0
54.0	23.990478752821247	26.0371732209318	26.588120114195178	23.384227912051777	0.0
55.0	23.6110625366737	26.476954343914787	26.509285489455458	23.402697629956048	0.0
56.0	23.40888553424928	26.508475453826918	27.125578129259875	22.957060882663928	0.0
57.0	23.864303529627797	26.14475154968206	26.716105995810235	23.274838924879905	0.0
58.0	23.60020385231759	26.522554890569726	26.669040850285207	23.208200406827473	0.0
59.0	23.509108060871537	26.565665060293824	27.141546066824134	22.783680812010502	0.0
60.0	23.863031465358393	26.228718293483055	26.751506229175376	23.15674401198318	0.0
61.0	23.391396167694147	26.637383837942764	26.719952681701077	23.251267312662012	0.0
62.0	23.477529188819396	26.63171218649381	27.242242620385444	22.648516004301346	0.0
63.0	23.82633959551765	26.214078420664666	26.881488332737945	23.07809365107974	0.0
64.0	23.44279406945988	26.748123200473835	26.783592938031553	23.025489792034737	0.0
65.0	23.347086066248206	26.708042410137057	27.255330653313585	22.68954087030115	0.0
66.0	23.6736141101645	26.273507125750857	27.010006477955322	23.042872286129324	0.0
67.0	23.338902141856003	26.83008386523142	26.84545787649032	22.985556116422263	0.0
68.0	23.428658611662804	26.6600731267298	27.422256007794477	22.48901225381292	0.0
69.0	23.736846591186954	26.46233210235172	26.835958076762395	22.964863229698935	0.0
70.0	23.248753772964204	26.7980025354903	26.960956658871517	22.992287032673982	0.0
71.0	23.28151670324311	26.889935381614237	27.514782979761033	22.313764935381613	0.0
72.0	23.62982685932459	26.47274613938787	27.0974149057904	22.80001209549713	0.0
73.0	23.164257031451353	26.93409599188567	27.02322062503637	22.878426351626608	0.0
74.0	23.21377994554329	26.7517284879488	27.544947637110496	22.489543929397414	0.0
75.0	23.280856674791224	26.625426357715487	27.190270871095578	22.903082852337658	3.63244060051508E-4
76.0	22.924136674328864	27.043499883263827	26.97934244318365	23.05283118431218	1.8981491147981603E-4
77.0	22.982036545654303	26.893619384189467	27.66387834509347	22.460465725062768	0.0
78.0	23.38454778530139	26.553999017577894	27.241072705453682	22.820173229619407	2.072620476246733E-4
79.0	22.924497847531107	27.06434441235541	27.181121537038283	22.830036203075203	0.0
80.0	23.067445758028718	27.01068985822349	27.528423245912037	22.393214657788647	2.264800471078498E-4
81.0	23.345042584114868	26.672237240151688	27.234896723461265	22.74758674235072	2.3670992145964807E-4
82.0	22.97428408781526	27.030418533277235	27.140063856644307	22.855233522263198	0.0
83.0	22.769951837271023	27.180126537094612	27.582603477442152	22.467318148192216	0.0
84.0	23.35067919172805	26.68459822937082	27.36068121916605	22.603500709603296	5.406501317834696E-4
85.0	22.985191906001532	27.01042700109951	27.25492024997668	22.749178191767502	2.826511547712928E-4
86.0	23.04176214058689	26.98233424495528	27.63249316283539	22.343114790450144	2.9566117229654814E-4
87.0	23.111454629772762	26.83691451538105	27.41938475807698	22.63193692997372	3.0916679548616483E-4
88.0	22.85845626916067	27.21163091087436	27.331734115460943	22.597531247875533	6.474566284990984E-4
89.0	22.948381807957833	27.09531649085723	27.716238829834083	22.23938537834597	6.774930048847245E-4
90.0	23.226252526326988	26.852817076197567	27.48111902989044	22.439102223167747	7.091444172605751E-4
91.0	22.94999832993754	27.17451410460529	27.268037602384105	22.607449963073066	0.0
92.0	22.871120029243176	27.226486852236402	27.89184690885617	22.009768465588714	7.777440755345047E-4
93.0	23.092402196405583	26.871751421634922	27.58908640607433	22.44594528538608	8.146904990793997E-4
94.0	22.86119379401352	27.402513655134715	27.280375468160795	22.45549002609316	4.2705659781090786E-4
95.0	22.568342457597907	27.1722538798641	28.133770820557125	22.12563284198087	0.0
96.0	23.088906719972222	26.924466592526898	27.569670265730068	22.416487182735757	4.692390350568483E-4
97.0	22.76522835141895	27.321917403548852	27.447466372570258	22.464403174665694	9.84697796246332E-4
98.0	22.74432011902179	27.313021107770513	27.94945706640217	21.993201706805525	0.0
99.0	22.99601861595374	26.995302617732893	27.622343483873767	22.3863352824396	0.0
100.0	22.793107575852574	27.13649758605555	27.87236589355844	22.197458945844424	5.699986890030153E-4
101.0	22.701020438698865	27.51473800760092	27.88161714097615	21.902624412724062	0.0
102.0	22.992783466203196	27.11237893729298	27.471316482160173	22.423521114343647	0.0
103.0	22.636076598730416	27.432433326934664	27.644251454594798	22.286576688091188	6.619316489379307E-4
104.0	22.61895640180829	27.203070471785512	28.223542605582296	21.9544305208239	0.0
105.0	22.99611180397623	26.90851735015773	27.822610226689164	22.271293375394322	0.0014672437825544713
106.0	22.820986556791564	27.15543564808015	27.694246244946235	22.32933155018205	0.0
107.0	22.45790366792847	27.343036157159638	28.26164991515468	21.93659443936823	8.158203889831615E-4
108.0	22.73631626544938	27.33818526333922	27.807587959174885	22.11704922268636	8.612893501571854E-4
109.0	22.855398855726833	27.526329215407603	27.50810830509092	22.110163623774643	0.0
110.0	22.764839191860744	27.335937123294272	28.031245479531318	21.86797820531366	0.0
111.0	22.95933996364899	27.086609349153512	27.915739171278613	22.038311515918885	0.0
112.0	22.40869988638208	27.49553643888979	27.953254341827627	22.141427257479844	0.0010820754206568198
113.0	22.405356978774236	27.530322521363594	28.261968207295784	21.801203712211706	0.0011485803546816135
114.0	22.911067676520886	27.24651844612753	27.63620816027364	22.206205717077935	0.0
115.0	22.919187582133052	27.411946862354764	27.648750276487505	22.01881416136461	0.00130111766007
116.0	22.586190165934266	27.716705712741035	28.127036056392697	21.570068064932006	0.0
117.0	23.067693675011107	26.930825062953634	28.096578284698566	21.90490297733669	0.0
118.0	22.363270416329893	27.97350195724179	27.73102584827018	21.930616966988385	0.0015848111697491245
119.0	22.31895393718862	27.669993708659945	28.423254153134618	21.587798201016817	0.0
120.0	23.291046819384867	27.17349639499863	27.87259286300995	21.661038605457698	0.0018253171488546134
121.0	22.522222004199126	27.73384612365834	27.804485607205226	21.939446264937306	0.0
122.0	22.531172334685728	27.512373345795186	28.204855874418506	21.75159844510058	0.0
123.0	23.14045783964109	27.27481881974002	27.682043023122056	21.900379615782814	0.002300701714022777
124.0	22.852703075265044	27.334018396451036	28.1109802250683	21.69979197473621	0.0025063284794105117
125.0	22.560523206287268	27.539776318320463	28.55101536094089	21.348685114451374	0.0
126.0	23.14184590253199	26.956469129080073	28.214901533714492	21.686783434673444	0.0
127.0	22.764037433155078	27.225935828877006	28.21858288770053	21.79144385026738	0.0
128.0	22.91225331698071	27.438956405396365	27.832905935258484	21.81588434236444	0.0
129.0	23.540937135234284	27.10521927630482	27.855594463898615	21.498249124562278	0.0
130.0	23.702479338842974	27.3530106257379	28.070838252656433	20.873671782762692	0.0
131.0	23.444118605408928	27.451938742261323	28.07646356033453	21.02747909199522	0.0
132.0	23.60969387755102	27.00892857142857	27.940051020408163	21.441326530612244	0.0
133.0	25.077586859435318	27.204602225418213	27.32571342063432	20.38452804481114	0.007569449701006736
134.0	24.875621890547265	27.077575087525336	27.35397088630919	20.692832135618204	0.0
135.0	24.86760032952807	25.76203365893845	27.609744615746735	21.760621395786746	0.0
136.0	26.686969065555378	27.231928193620774	26.398461291873698	19.682641448950154	0.0
137.0	28.861689106487148	27.368421052631582	24.822521419828643	18.947368421052634	0.0
138.0	28.257686676427525	26.403123474865787	27.33040507564666	18.00878477306003	0.0
139.0	49.01960784313725	21.568627450980394	19.607843137254903	9.803921568627452	0.0
140.0	40.909090909090914	13.636363636363635	9.090909090909092	36.36363636363637	0.0
