# Position (bp)	A	C	G	T	N
0.0	22.122279154077113	25.877283000100537	21.464142152357258	30.536295693465092	0.0
1.0	21.363425715232452	22.935922810637035	24.8140196328639	30.88663184126661	0.0
2.0	23.831662558887587	27.49511141569951	25.15227932659788	23.52094669881502	0.0
3.0	25.266916405357186	26.48294989104421	24.302584777599904	23.947548925998703	0.0
4.0	23.660391074846054	27.8067196245948	24.895520825339375	23.63736847521977	0.0
5.0	22.563634881796503	28.120826410193718	26.443210623472226	22.871197776028772	0.0011303085087839844
6.0	24.3718310462433	26.078358934821054	26.783968893909837	22.765841125025805	0.0
7.0	22.823486858973787	28.083764189089905	25.303145767559787	23.789603184376517	0.0
8.0	21.91180381175723	28.056934234486665	26.682538577726856	23.348723376029252	0.0
9.0	23.32355913922843	26.890455853421592	26.57135191441542	23.214633092934562	0.0
10.0	23.05621143194026	27.485890477864693	26.192460604286726	23.265437485908325	0.0
11.0	22.516756823642723	27.96198831974881	27.1893927090342	22.33186214757427	0.0
12.0	23.61529771433773	26.895453006828845	26.4924682784866	22.99678100034683	0.0
13.0	23.13342935006666	27.459655422476605	26.01797666448339	23.388938562973355	0.0
14.0	22.75882131428704	27.750263689077116	26.965234684765882	22.525680311869962	0.0
15.0	23.53754438691769	26.795212489076164	26.583904287855077	23.083338836151075	0.0
16.0	23.240154269264472	27.352930503278788	26.021248610166708	23.38566661729003	0.0
17.0	22.784996879753617	27.657161961906223	26.85946160431231	22.698379554027852	0.0
18.0	23.736776134071246	26.750476068096923	26.45302646052219	23.05972133730964	0.0
19.0	23.413329430794484	27.236865666403126	26.04962530272934	23.300179600073054	0.0
20.0	22.9712003340954	27.5420489637748	26.958512323634693	22.528238378495107	0.0
21.0	23.761583431342977	26.582595509581747	26.513944140153495	23.14187691892178	0.0
22.0	23.440159385397724	26.998846490421823	26.06854309777109	23.492451026409363	0.0
23.0	23.10784868381523	27.35096733586879	26.802113319971898	22.739070660344076	0.0
24.0	23.707090663235288	26.452193601620984	26.396689504847537	23.444026230296195	0.0
25.0	23.361632688997993	26.85303669278869	26.01345543044825	23.771875187765065	0.0
26.0	22.967630938804504	27.19230771518843	26.852798733102635	22.987262612904434	0.0
27.0	23.709410770174372	26.32042342546537	26.548864724082772	23.421301080277484	0.0
28.0	23.341346625761396	26.759875475696287	26.1943642817752	23.704413616767113	0.0
29.0	23.100828873076466	27.122942466702003	26.824362550618485	22.951866109603042	0.0
30.0	23.895892610181136	26.25495957495406	26.4957744093387	23.3533734055261	0.0
31.0	23.48515991366595	26.64818873815734	26.151474733766438	23.71517661441027	0.0
32.0	23.19517884867723	27.020939862436578	26.83286158484651	22.951019704039684	0.0
33.0	23.835996800090943	26.199950779932486	26.473624030035126	23.49042838994145	0.0
34.0	23.510088959827602	26.61091517643567	26.17559281666304	23.70340304707369	0.0
35.0	23.1337542297878	26.876031674325112	26.95074920635702	23.039464889530066	0.0
36.0	23.865972159520776	26.123909124590973	26.598399063473927	23.411719652414327	0.0
37.0	23.519919422375562	26.57711072923129	26.250016566123445	23.652953282269703	0.0
38.0	23.265854563419214	26.812030200449943	26.98683039447303	22.935284841657808	0.0
39.0	23.98023650540982	26.108733088612674	26.612850700423873	23.298179705553633	0.0
40.0	23.629435330406174	26.528835532239647	26.291992833718126	23.549736303636053	0.0
41.0	23.237481575637922	26.820935484307178	27.093751267731335	22.847831672323565	0.0
42.0	23.890477239257578	26.087809040778296	26.8030845219495	23.218629198014625	0.0
43.0	23.56112566517735	26.610273192540408	26.357625906803108	23.470975235479138	0.0
44.0	23.29849287163139	26.777635336822936	27.16208097780361	22.761790813742067	0.0
45.0	23.918903029824957	26.205448237575663	26.766926581404316	23.108722151195067	0.0
46.0	23.597566715210938	26.56509358228407	26.46484188164024	23.37249782086475	0.0
47.0	23.309185122011392	26.842112315587773	27.179230909290116	22.66947165311072	0.0
48.0	23.779625820163595	26.280495136702058	26.889016713626006	23.05086232950834	0.0
49.0	23.506112301441327	26.645427861100895	26.58844842481186	23.260011412645916	0.0
50.0	23.186842838091913	26.92169319673648	27.299536970573328	22.59192699459828	0.0
51.0	23.721333536937667	26.264065889219594	27.046335166665326	22.96826540717741	0.0
52.0	23.446896377299208	26.71976059732518	26.700284207601698	23.133058817773914	0.0
53.0	23.16794873876774	26.98655901909783	27.385079183434858	22.460413058699576	0.0
54.0	23.616091294759848	26.399038794339567	27.076629451262324	22.908240459638264	0.0
55.0	23.42125480153649	26.74417413572343	26.769167733674777	23.0654033290653	0.0
56.0	23.00246786621467	27.061114481158484	27.517823773317513	22.418593879309338	0.0
57.0	23.57537984912903	26.436353580569	27.25846487077252	22.72980169952945	0.0
58.0	23.216983827647294	26.849191382364708	26.95445454025944	22.979370249728557	0.0
59.0	23.003851700623752	27.094488329169064	27.564407674914094	22.33725229529309	0.0
60.0	23.521123809077697	26.483991810078635	27.368685754294965	22.626198626548707	0.0
61.0	23.22365320382779	26.89583717546772	27.051315546812564	22.82919407389193	0.0
62.0	22.880016405645566	27.168121913121983	27.680931499771628	22.27093018146082	0.0
63.0	23.515966870803613	26.515547145661245	27.428691745821105	22.539794237714037	0.0
64.0	23.253903869070346	26.946314865754744	27.06865074619123	22.731130518983676	0.0
65.0	22.897652069258402	27.255415127240855	27.774042804791303	22.07288999870943	0.0
66.0	23.352941727767174	26.572081936638746	27.59394691050637	22.481029425087705	0.0
67.0	23.086961120105435	27.125621354247176	27.14905179918156	22.638365726465825	0.0
68.0	22.688994354730607	27.31431441452601	27.85237119979367	22.144320030949718	0.0
69.0	23.323627538041883	26.707329585457586	27.53131976408903	22.437723112411508	0.0
70.0	23.198247616378445	27.034352545510533	27.186653563124715	22.58074627498631	0.0
71.0	22.7741251488791	27.409532495569707	27.826105361186954	21.99023699436424	0.0
72.0	23.349766747227864	26.717077635836617	27.54952104895498	22.383634567980536	0.0
73.0	22.99194514990738	27.205654320366783	27.25322068277637	22.549179846949468	0.0
74.0	22.82663176349306	27.338946732533277	27.911303331487492	21.923118172486173	0.0
75.0	23.116154561851488	26.813321964233054	27.689093207572185	22.380973063919186	4.572024240872525E-4
76.0	22.94227944250039	27.175598046123895	27.344949899081584	22.537172612294132	0.0
77.0	22.678821564206473	27.386472308157117	27.990222148979893	21.944234288896048	2.4968976047261277E-4
78.0	23.040122772080835	26.872835372139818	27.73725104332779	22.349268822311945	5.219901396062628E-4
79.0	22.83405010580927	27.21796709673015	27.446788176667347	22.50092156461192	2.730561813093044E-4
80.0	22.619044217444102	27.594256732623755	27.913422387313382	21.87327666261876	0.0
81.0	23.00299815567094	26.959188614780338	27.787193720313624	22.250619509235097	0.0
82.0	22.810729600300476	27.234342232933738	27.512598203386645	22.44201696453723	3.1299884190428494E-4
83.0	22.604390379854745	27.551846812138304	28.01613194091513	21.826975097135925	6.557699558994705E-4
84.0	23.092718369925763	26.965998914932044	27.765378091241853	22.175561247965497	3.433759348409826E-4
85.0	22.659141676288726	27.512616588790927	27.482761225436768	22.345480509483572	0.0
86.0	22.492778326683613	27.46121414618326	28.15547527283972	21.890532254293408	0.0
87.0	23.15997627051612	26.994660866126164	27.81649199129919	22.02847538066047	3.954913980620921E-4
88.0	22.95773010058724	27.358733481182462	27.516134658991803	22.166986452700737	4.1530653775551736E-4
89.0	22.530728086453443	27.594804060692063	28.086890077502456	21.787577775352034	0.0
90.0	22.949984393074196	27.068376696105613	27.857903530837447	22.12373537998274	0.0
91.0	22.705547240863226	27.338386520542656	27.640612175928158	22.31545406266596	0.0
92.0	22.631894789303985	27.619841939847632	28.017026556953528	21.731236713894848	0.0
93.0	22.799028211824137	27.075217261012885	27.98600111306135	22.13975341410163	0.0
94.0	22.76848430139073	27.49358232954385	27.695562639284603	22.041806538971482	5.64190809331716E-4
95.0	22.43435191303675	27.601664493776006	28.18923794045684	21.774745652730402	0.0
96.0	23.187487849693657	27.09000946940004	27.602360451771908	22.119515116548875	6.271125855224788E-4
97.0	22.53956920147566	27.666045195498963	27.657450381477517	22.13627408200775	6.611395401113359E-4
98.0	22.46338364446182	27.834713282417166	28.251490484634395	21.450412588486618	0.0
99.0	22.71477941772469	27.31432697905076	28.05193465429706	21.918222078123044	7.368708044418571E-4
100.0	22.676930021870596	27.41296513935696	27.565514503864325	22.3438120218239	7.783130842212589E-4
101.0	22.474824409001457	27.394665985985654	28.313585349988063	21.816924255024826	0.0
102.0	23.135530497627236	27.34119900735774	27.785275806521838	21.73799468849319	0.0
103.0	22.742727616169248	27.751619412680718	27.53876915421969	21.96688381693035	0.0
104.0	22.295904913517788	28.07277983416511	27.87354357316561	21.75777167915149	0.0
105.0	22.837302203317915	27.47058275637244	27.74172850238546	21.95038653792418	0.0
106.0	22.776753577385655	27.640242296549904	27.72473882890001	21.85826529716443	0.0
107.0	22.5550855851132	27.91973992379487	28.190070029479962	21.33510446161196	0.0
108.0	22.811099834146102	27.256974527811472	27.862217491397878	22.069708146644555	0.0
109.0	22.534025905713722	27.666513248734304	27.825629561443883	21.972516273259256	0.001315010848839503
110.0	22.522232787068628	27.760221488897592	28.36707869567649	21.35046702835729	0.0
111.0	22.74002028760666	27.155558207530284	28.289277403186347	21.81514410167671	0.0
112.0	22.59416225861959	27.62411573513479	27.65120132560066	22.128927410617553	0.0015932700274042444
113.0	22.529516140039583	27.787825018767485	28.289428785914144	21.393230055278785	0.0
114.0	22.95353881486612	27.450194119898658	28.14829666624136	21.447970398993856	0.0
115.0	23.006913792429984	27.54384594351783	27.70594898636772	21.743291277684467	0.0
116.0	22.567235623858412	27.92089185614411	28.084650752661084	21.4272217673364	0.0
117.0	23.05989200912726	26.95931138874455	27.926258952172244	22.054537649955947	0.0
118.0	23.02946054043508	27.692420251682766	27.538776704711736	21.739342503170423	0.0
119.0	22.351479258652144	27.803188536075936	28.384845200010577	21.457843111334373	0.00264389392697565
120.0	23.38197424892704	27.153075822603718	27.716738197424895	21.748211731044346	0.0
121.0	22.65862904729352	27.117643403144616	27.997016966005845	22.226710583556024	0.0
122.0	22.646749991532026	27.409138637672324	28.648850049114248	21.295261321681398	0.0
123.0	22.979163588000592	27.24988916802128	28.007241022609726	21.763706221368405	0.0
124.0	22.944216137038694	27.330430890670137	27.452496236318506	22.272856735972656	0.0
125.0	22.885572139303484	27.43041549011698	28.075837031060914	21.608175339518624	0.0
126.0	23.50664814447311	27.182972812065888	28.080968446120263	21.229410597340742	0.0
127.0	23.781665654837465	27.59534190628622	26.828191401291463	21.789281969203596	0.005519068381257244
128.0	22.89901675839466	27.91416733659019	27.994558159668543	21.192257745346605	0.0
129.0	23.614020388213934	27.712609970674485	27.147046501885214	21.526323139226363	0.0
130.0	24.213786531130875	27.08068614993647	27.29510800508259	21.410419313850063	0.0
131.0	23.6455002284148	27.36409319323892	27.802649611694836	21.18775696665144	0.0
132.0	24.17512012813668	27.634810464495462	26.385477843032568	21.80459156433529	0.0
133.0	24.910986775178028	26.09359104781282	27.225330620549336	21.75737538148525	0.012716174974567649
134.0	25.63261480787254	25.92939706341768	28.006872852233677	20.4311152764761	0.0
135.0	25.70056044835869	25.90072057646117	26.901521216973578	21.47718174539632	0.020016012810248198
136.0	25.918867410835826	26.245575823577454	26.082221617206642	21.75333514838007	0.0
137.0	28.315262718932445	25.64637197664721	25.72977481234362	20.308590492076732	0.0
138.0	28.317836010143704	24.344885883347423	27.72612003381234	19.611158072696533	0.0
139.0	22.727272727272727	27.27272727272727	27.27272727272727	22.727272727272727	0.0
140.0	20.0	10.0	50.0	20.0	0.0
