# Position (bp)	A	C	G	T	N
0.0	21.686746987951807	22.89156626506024	20.481927710843372	34.93975903614458	0.0
1.0	28.915662650602407	10.843373493975903	25.301204819277107	34.93975903614458	0.0
2.0	26.506024096385545	8.433734939759036	21.686746987951807	43.373493975903614	0.0
3.0	25.301204819277107	19.27710843373494	24.096385542168676	31.32530120481928	0.0
4.0	28.915662650602407	15.66265060240964	25.301204819277107	30.120481927710845	0.0
5.0	30.120481927710845	13.253012048192772	28.915662650602407	27.710843373493976	0.0
6.0	18.072289156626507	24.096385542168676	16.867469879518072	40.963855421686745	0.0
7.0	25.301204819277107	22.89156626506024	19.27710843373494	32.53012048192771	0.0
8.0	26.506024096385545	15.66265060240964	25.301204819277107	32.53012048192771	0.0
9.0	24.096385542168676	18.072289156626507	26.506024096385545	31.32530120481928	0.0
10.0	27.710843373493976	19.27710843373494	24.096385542168676	28.915662650602407	0.0
11.0	28.915662650602407	19.27710843373494	21.686746987951807	30.120481927710845	0.0
12.0	36.144578313253014	24.096385542168676	20.481927710843372	19.27710843373494	0.0
13.0	36.144578313253014	15.66265060240964	19.27710843373494	28.915662650602407	0.0
14.0	34.93975903614458	16.867469879518072	24.096385542168676	24.096385542168676	0.0
15.0	18.072289156626507	19.27710843373494	36.144578313253014	26.506024096385545	0.0
16.0	33.734939759036145	22.89156626506024	16.867469879518072	26.506024096385545	0.0
17.0	30.120481927710845	13.253012048192772	25.301204819277107	31.32530120481928	0.0
18.0	30.120481927710845	14.457831325301203	31.32530120481928	24.096385542168676	0.0
19.0	31.32530120481928	14.457831325301203	24.096385542168676	30.120481927710845	0.0
20.0	27.710843373493976	15.66265060240964	32.53012048192771	24.096385542168676	0.0
21.0	16.867469879518072	21.686746987951807	33.734939759036145	27.710843373493976	0.0
22.0	33.734939759036145	21.686746987951807	25.301204819277107	19.27710843373494	0.0
23.0	26.506024096385545	20.481927710843372	28.915662650602407	24.096385542168676	0.0
24.0	28.915662650602407	20.481927710843372	28.915662650602407	21.686746987951807	0.0
25.0	27.710843373493976	14.457831325301203	26.506024096385545	31.32530120481928	0.0
26.0	20.481927710843372	18.072289156626507	31.32530120481928	30.120481927710845	0.0
27.0	30.120481927710845	18.072289156626507	28.915662650602407	22.89156626506024	0.0
28.0	30.120481927710845	14.457831325301203	27.710843373493976	27.710843373493976	0.0
29.0	26.506024096385545	19.27710843373494	24.096385542168676	30.120481927710845	0.0
30.0	35.80246913580247	17.28395061728395	23.456790123456788	23.456790123456788	0.0
31.0	32.5	13.750000000000002	18.75	35.0	0.0
32.0	32.91139240506329	16.455696202531644	20.253164556962027	30.37974683544304	0.0
33.0	37.17948717948718	11.538461538461538	28.205128205128204	23.076923076923077	0.0
34.0	23.376623376623375	10.38961038961039	33.76623376623377	32.467532467532465	0.0
35.0	30.263157894736842	15.789473684210526	18.421052631578945	35.526315789473685	0.0
36.0	34.21052631578947	17.105263157894736	18.421052631578945	30.263157894736842	0.0
37.0	25.675675675675674	17.56756756756757	22.972972972972975	33.78378378378378	0.0
38.0	31.506849315068493	20.54794520547945	19.17808219178082	28.767123287671232	0.0
39.0	29.166666666666668	22.22222222222222	20.833333333333336	27.77777777777778	0.0
40.0	36.61971830985916	22.535211267605636	18.30985915492958	22.535211267605636	0.0
41.0	28.985507246376812	27.536231884057973	14.492753623188406	28.985507246376812	0.0
42.0	25.0	23.4375	26.5625	25.0	0.0
43.0	31.25	21.875	20.3125	26.5625	0.0
44.0	35.483870967741936	17.741935483870968	19.35483870967742	27.419354838709676	0.0
45.0	25.423728813559322	22.033898305084744	22.033898305084744	30.508474576271187	0.0
46.0	24.561403508771928	22.807017543859647	21.052631578947366	31.57894736842105	0.0
47.0	24.528301886792452	16.9811320754717	30.18867924528302	28.30188679245283	0.0
48.0	37.254901960784316	13.725490196078432	19.607843137254903	29.411764705882355	0.0
49.0	20.408163265306122	18.367346938775512	32.6530612244898	28.57142857142857	0.0
50.0	23.91304347826087	26.08695652173913	19.565217391304348	30.434782608695656	0.0
51.0	31.818181818181817	31.818181818181817	18.181818181818183	18.181818181818183	0.0
52.0	45.23809523809524	16.666666666666664	16.666666666666664	21.428571428571427	0.0
53.0	14.634146341463413	21.951219512195124	26.82926829268293	36.58536585365854	0.0
54.0	41.46341463414634	17.073170731707318	17.073170731707318	24.390243902439025	0.0
55.0	28.205128205128204	23.076923076923077	20.51282051282051	28.205128205128204	0.0
56.0	25.64102564102564	20.51282051282051	17.94871794871795	35.8974358974359	0.0
57.0	35.13513513513514	18.91891891891892	16.216216216216218	29.72972972972973	0.0
58.0	27.77777777777778	27.77777777777778	19.444444444444446	25.0	0.0
59.0	25.71428571428571	22.857142857142858	20.0	31.428571428571427	0.0
60.0	39.39393939393939	27.27272727272727	18.181818181818183	15.151515151515152	0.0
61.0	33.33333333333333	24.242424242424242	24.242424242424242	18.181818181818183	0.0
62.0	19.35483870967742	19.35483870967742	22.58064516129032	38.70967741935484	0.0
63.0	26.666666666666668	16.666666666666664	23.333333333333332	33.33333333333333	0.0
64.0	17.857142857142858	21.428571428571427	17.857142857142858	42.857142857142854	0.0
65.0	11.11111111111111	29.629629629629626	25.925925925925924	33.33333333333333	0.0
66.0	37.03703703703704	7.4074074074074066	14.814814814814813	40.74074074074074	0.0
67.0	28.000000000000004	12.0	32.0	28.000000000000004	0.0
68.0	44.0	12.0	20.0	24.0	0.0
69.0	36.0	20.0	12.0	32.0	0.0
70.0	30.434782608695656	13.043478260869565	8.695652173913043	47.82608695652174	0.0
71.0	34.78260869565217	21.73913043478261	21.73913043478261	21.73913043478261	0.0
72.0	40.909090909090914	22.727272727272727	31.818181818181817	4.545454545454546	0.0
73.0	19.047619047619047	38.095238095238095	19.047619047619047	23.809523809523807	0.0
74.0	47.368421052631575	15.789473684210526	0.0	36.84210526315789	0.0
75.0	26.31578947368421	21.052631578947366	15.789473684210526	36.84210526315789	0.0
76.0	33.33333333333333	5.555555555555555	27.77777777777778	33.33333333333333	0.0
77.0	18.75	43.75	18.75	18.75	0.0
78.0	31.25	31.25	31.25	6.25	0.0
79.0	33.33333333333333	33.33333333333333	20.0	13.333333333333334	0.0
80.0	35.714285714285715	21.428571428571427	14.285714285714285	28.57142857142857	0.0
81.0	57.14285714285714	14.285714285714285	7.142857142857142	21.428571428571427	0.0
82.0	28.57142857142857	14.285714285714285	7.142857142857142	50.0	0.0
83.0	28.57142857142857	14.285714285714285	28.57142857142857	28.57142857142857	0.0
84.0	53.84615384615385	15.384615384615385	7.6923076923076925	23.076923076923077	0.0
85.0	38.46153846153847	23.076923076923077	15.384615384615385	23.076923076923077	0.0
86.0	33.33333333333333	33.33333333333333	25.0	8.333333333333332	0.0
87.0	16.666666666666664	50.0	8.333333333333332	25.0	0.0
88.0	16.666666666666664	33.33333333333333	33.33333333333333	16.666666666666664	0.0
89.0	10.0	40.0	20.0	30.0	0.0
90.0	10.0	30.0	20.0	40.0	0.0
91.0	33.33333333333333	22.22222222222222	11.11111111111111	33.33333333333333	0.0
92.0	33.33333333333333	11.11111111111111	33.33333333333333	22.22222222222222	0.0
93.0	44.44444444444444	33.33333333333333	0.0	22.22222222222222	0.0
94.0	33.33333333333333	16.666666666666664	0.0	50.0	0.0
95.0	66.66666666666666	16.666666666666664	16.666666666666664	0.0	0.0
96.0	16.666666666666664	33.33333333333333	16.666666666666664	33.33333333333333	0.0
97.0	16.666666666666664	33.33333333333333	0.0	50.0	0.0
98.0	16.666666666666664	33.33333333333333	33.33333333333333	16.666666666666664	0.0
99.0	33.33333333333333	16.666666666666664	16.666666666666664	33.33333333333333	0.0
100.0	20.0	0.0	20.0	60.0	0.0
101.0	40.0	0.0	20.0	40.0	0.0
102.0	25.0	0.0	50.0	25.0	0.0
103.0	50.0	0.0	25.0	25.0	0.0
104.0	25.0	50.0	25.0	0.0	0.0
105.0	33.33333333333333	33.33333333333333	0.0	33.33333333333333	0.0
106.0	66.66666666666666	33.33333333333333	0.0	0.0	0.0
107.0	66.66666666666666	33.33333333333333	0.0	0.0	0.0
108.0	66.66666666666666	33.33333333333333	0.0	0.0	0.0
109.0	0.0	0.0	0.0	100.0	0.0
110.0	50.0	50.0	0.0	0.0	0.0
111.0	0.0	50.0	50.0	0.0	0.0
112.0	0.0	50.0	0.0	50.0	0.0
113.0	0.0	0.0	0.0	100.0	0.0
114.0	50.0	0.0	0.0	50.0	0.0
115.0	0.0	50.0	50.0	0.0	0.0
116.0	50.0	50.0	0.0	0.0	0.0
117.0	0.0	50.0	0.0	50.0	0.0
118.0	0.0	100.0	0.0	0.0	0.0
119.0	100.0	0.0	0.0	0.0	0.0
