# Position (bp)	A	C	G	T	N
0.0	27.941176470588236	25.0	35.294117647058826	11.76470588235294	0.0
1.0	30.88235294117647	26.47058823529412	25.0	17.647058823529413	0.0
2.0	26.47058823529412	22.058823529411764	35.294117647058826	16.176470588235293	0.0
3.0	25.0	27.941176470588236	26.47058823529412	20.588235294117645	0.0
4.0	30.88235294117647	23.52941176470588	23.52941176470588	22.058823529411764	0.0
5.0	30.88235294117647	19.11764705882353	29.411764705882355	20.588235294117645	0.0
6.0	29.411764705882355	22.058823529411764	26.47058823529412	22.058823529411764	0.0
7.0	25.0	27.941176470588236	26.47058823529412	20.588235294117645	0.0
8.0	14.705882352941178	44.11764705882353	25.0	16.176470588235293	0.0
9.0	17.647058823529413	29.411764705882355	30.88235294117647	22.058823529411764	0.0
10.0	20.588235294117645	27.941176470588236	27.941176470588236	23.52941176470588	0.0
11.0	14.705882352941178	25.0	35.294117647058826	25.0	0.0
12.0	19.11764705882353	30.88235294117647	22.058823529411764	27.941176470588236	0.0
13.0	32.35294117647059	16.176470588235293	27.941176470588236	23.52941176470588	0.0
14.0	17.647058823529413	22.058823529411764	45.588235294117645	14.705882352941178	0.0
15.0	14.705882352941178	39.705882352941174	25.0	20.588235294117645	0.0
16.0	17.647058823529413	17.647058823529413	44.11764705882353	20.588235294117645	0.0
17.0	25.0	27.941176470588236	33.82352941176471	13.23529411764706	0.0
18.0	27.941176470588236	25.0	25.0	22.058823529411764	0.0
19.0	23.52941176470588	29.411764705882355	26.47058823529412	20.588235294117645	0.0
20.0	17.647058823529413	32.35294117647059	27.941176470588236	22.058823529411764	0.0
21.0	20.588235294117645	22.058823529411764	25.0	32.35294117647059	0.0
22.0	16.176470588235293	32.35294117647059	27.941176470588236	23.52941176470588	0.0
23.0	20.588235294117645	26.47058823529412	36.76470588235294	16.176470588235293	0.0
24.0	17.647058823529413	33.82352941176471	26.47058823529412	22.058823529411764	0.0
25.0	20.588235294117645	25.0	30.88235294117647	23.52941176470588	0.0
26.0	25.0	29.411764705882355	32.35294117647059	13.23529411764706	0.0
27.0	20.588235294117645	23.52941176470588	35.294117647058826	20.588235294117645	0.0
28.0	32.35294117647059	25.0	22.058823529411764	20.588235294117645	0.0
29.0	25.0	23.52941176470588	23.52941176470588	27.941176470588236	0.0
30.0	32.30769230769231	30.76923076923077	21.53846153846154	15.384615384615385	0.0
31.0	30.158730158730158	17.46031746031746	25.396825396825395	26.984126984126984	0.0
32.0	20.634920634920633	38.095238095238095	23.809523809523807	17.46031746031746	0.0
33.0	23.636363636363637	38.18181818181819	23.636363636363637	14.545454545454545	0.0
34.0	13.461538461538462	26.923076923076923	42.30769230769231	17.307692307692307	0.0
35.0	17.02127659574468	34.04255319148936	21.27659574468085	27.659574468085108	0.0
36.0	37.2093023255814	18.6046511627907	20.930232558139537	23.25581395348837	0.0
37.0	25.0	32.5	27.500000000000004	15.0	0.0
38.0	16.666666666666664	36.11111111111111	25.0	22.22222222222222	0.0
39.0	30.303030303030305	36.36363636363637	15.151515151515152	18.181818181818183	0.0
40.0	33.33333333333333	20.0	23.333333333333332	23.333333333333332	0.0
41.0	34.61538461538461	23.076923076923077	30.76923076923077	11.538461538461538	0.0
42.0	26.08695652173913	13.043478260869565	30.434782608695656	30.434782608695656	0.0
43.0	25.0	30.0	5.0	40.0	0.0
44.0	17.647058823529413	11.76470588235294	29.411764705882355	41.17647058823529	0.0
45.0	28.57142857142857	7.142857142857142	50.0	14.285714285714285	0.0
46.0	21.428571428571427	35.714285714285715	28.57142857142857	14.285714285714285	0.0
47.0	7.142857142857142	28.57142857142857	28.57142857142857	35.714285714285715	0.0
48.0	7.6923076923076925	53.84615384615385	15.384615384615385	23.076923076923077	0.0
49.0	36.36363636363637	18.181818181818183	9.090909090909092	36.36363636363637	0.0
50.0	9.090909090909092	27.27272727272727	45.45454545454545	18.181818181818183	0.0
51.0	60.0	20.0	20.0	0.0	0.0
52.0	20.0	20.0	40.0	20.0	0.0
53.0	20.0	30.0	20.0	30.0	0.0
54.0	40.0	30.0	10.0	20.0	0.0
55.0	11.11111111111111	44.44444444444444	44.44444444444444	0.0	0.0
56.0	22.22222222222222	22.22222222222222	33.33333333333333	22.22222222222222	0.0
57.0	25.0	37.5	0.0	37.5	0.0
58.0	20.0	20.0	60.0	0.0	0.0
59.0	0.0	50.0	50.0	0.0	0.0
60.0	0.0	25.0	50.0	25.0	0.0
61.0	0.0	50.0	25.0	25.0	0.0
62.0	50.0	0.0	25.0	25.0	0.0
63.0	25.0	25.0	50.0	0.0	0.0
64.0	25.0	25.0	25.0	25.0	0.0
65.0	0.0	25.0	75.0	0.0	0.0
66.0	0.0	0.0	66.66666666666666	33.33333333333333	0.0
67.0	33.33333333333333	33.33333333333333	0.0	33.33333333333333	0.0
68.0	0.0	0.0	33.33333333333333	66.66666666666666	0.0
69.0	33.33333333333333	33.33333333333333	33.33333333333333	0.0	0.0
70.0	100.0	0.0	0.0	0.0	0.0
71.0	0.0	50.0	0.0	50.0	0.0
72.0	50.0	0.0	50.0	0.0	0.0
73.0	0.0	50.0	50.0	0.0	0.0
74.0	0.0	50.0	50.0	0.0	0.0
75.0	0.0	50.0	0.0	50.0	0.0
76.0	0.0	0.0	0.0	100.0	0.0
77.0	0.0	50.0	0.0	50.0	0.0
78.0	0.0	100.0	0.0	0.0	0.0
79.0	0.0	50.0	50.0	0.0	0.0
80.0	0.0	0.0	100.0	0.0	0.0
81.0	0.0	0.0	100.0	0.0	0.0
82.0	0.0	0.0	50.0	50.0	0.0
83.0	0.0	0.0	0.0	100.0	0.0
84.0	0.0	0.0	100.0	0.0	0.0
85.0	0.0	0.0	0.0	100.0	0.0
86.0	100.0	0.0	0.0	0.0	0.0
87.0	100.0	0.0	0.0	0.0	0.0
88.0	100.0	0.0	0.0	0.0	0.0
89.0	0.0	100.0	0.0	0.0	0.0
90.0	0.0	100.0	0.0	0.0	0.0
91.0	0.0	0.0	0.0	100.0	0.0
