# Position (bp)	A	C	G	T	N
0.0	26.362625139043384	20.467185761957733	22.35817575083426	30.81201334816463	0.0
1.0	26.696329254727473	19.13236929922136	23.692992213570633	30.478309232480534	0.0
2.0	33.37041156840934	17.686318131256954	19.799777530589544	29.14349276974416	0.0
3.0	31.25695216907675	20.467185761957733	19.021134593993324	29.254727474972192	0.0
4.0	27.808676307007786	21.245828698553947	20.24471635150167	30.700778642936594	0.0
5.0	29.699666295884313	18.798665183537263	22.691879866518352	28.809788654060064	0.0
6.0	28.587319243604004	21.245828698553947	22.803114571746384	27.363737486095662	0.0
7.0	28.587319243604004	20.467185761957733	20.24471635150167	30.700778642936594	0.0
8.0	28.9210233592881	21.245828698553947	22.58064516129032	27.252502780867633	0.0
9.0	26.140155728587317	21.134593993325918	22.914349276974416	29.810901001112345	0.0
10.0	29.14349276974416	22.246941045606228	21.913236929922135	26.696329254727473	0.0
11.0	29.588431590656285	22.469410456062292	23.136818687430477	24.805339265850947	0.0
12.0	26.918798665183534	21.69076751946607	25.139043381535036	26.251390433815352	0.0
13.0	22.803114571746384	23.470522803114573	24.24916573971079	29.477196885428253	0.0
14.0	27.474972191323694	20.57842046718576	22.58064516129032	29.36596218020022	0.0
15.0	27.697441601779754	23.35928809788654	23.35928809788654	25.583982202447164	0.0
16.0	26.918798665183534	19.799777530589544	22.914349276974416	30.367074527252502	0.0
17.0	27.808676307007786	22.35817575083426	24.137931034482758	25.695216907675196	0.0
18.0	25.917686318131256	22.691879866518352	23.804226918798665	27.586206896551722	0.0
19.0	27.919911012235815	22.35817575083426	22.691879866518352	27.030033370411566	0.0
20.0	29.477196885428253	20.467185761957733	21.579532814238043	28.47608453837597	0.0
21.0	30.03337041156841	21.69076751946607	23.915461624026698	24.360400444938822	0.0
22.0	29.03225806451613	22.914349276974416	23.136818687430477	24.916573971078975	0.0
23.0	29.699666295884313	20.912124582869858	21.023359288097886	28.364849833147943	0.0
24.0	26.473859844271413	21.357063403781982	23.136818687430477	29.03225806451613	0.0
25.0	24.360400444938822	21.357063403781982	23.136818687430477	31.145717463848722	0.0
26.0	30.255839822024473	20.912124582869858	23.470522803114573	25.361512791991103	0.0
27.0	23.915461624026698	24.026696329254726	24.026696329254726	28.03114571746385	0.0
28.0	30.923248053392662	21.579532814238043	20.24471635150167	27.252502780867633	0.0
29.0	28.364849833147943	22.135706340378196	21.46829810901001	28.03114571746385	0.0
30.0	25.084364454443193	23.172103487064117	21.372328458942633	30.371203599550057	0.0
31.0	30.410022779043278	21.753986332574033	19.58997722095672	28.246013667425967	0.0
32.0	28.35820895522388	20.20665901262916	23.076923076923077	28.35820895522388	0.0
33.0	27.368421052631582	21.169590643274855	21.871345029239766	29.5906432748538	0.0
34.0	26.019184652278177	22.062350119904075	22.18225419664269	29.73621103117506	0.0
35.0	30.67484662576687	22.33128834355828	19.87730061349693	27.116564417177912	0.0
36.0	28.589580686149933	21.346886912325285	22.36340533672173	27.70012706480305	0.0
37.0	31.02094240837696	18.979057591623036	23.036649214659686	26.96335078534031	0.0
38.0	26.802721088435373	23.12925170068027	20.952380952380953	29.115646258503403	0.0
39.0	27.41477272727273	19.744318181818183	22.727272727272727	30.113636363636363	0.0
40.0	25.147058823529413	23.08823529411765	22.058823529411764	29.705882352941178	0.0
41.0	27.384615384615387	22.0	21.076923076923077	29.53846153846154	0.0
42.0	29.599999999999998	24.48	19.52	26.400000000000002	0.0
43.0	27.516778523489933	20.63758389261745	24.161073825503358	27.684563758389263	0.0
44.0	28.339350180505413	22.92418772563177	21.660649819494584	27.075812274368232	0.0
45.0	25.375939849624064	23.872180451127818	20.30075187969925	30.451127819548873	0.0
46.0	28.024193548387093	24.798387096774192	19.556451612903224	27.62096774193548	0.0
47.0	31.905781584582442	18.843683083511777	18.629550321199144	30.620985010706637	0.0
48.0	31.336405529953915	20.276497695852534	20.737327188940093	27.64976958525346	0.0
49.0	25.98039215686275	18.872549019607842	25.735294117647058	29.411764705882355	0.0
50.0	34.55497382198953	20.680628272251308	15.706806282722512	29.05759162303665	0.0
51.0	30.08356545961003	20.61281337047354	21.448467966573816	27.85515320334262	0.0
52.0	22.58064516129032	22.28739002932551	20.821114369501466	34.31085043988269	0.0
53.0	34.07643312101911	21.97452229299363	18.152866242038215	25.796178343949045	0.0
54.0	29.411764705882355	25.951557093425603	19.377162629757784	25.259515570934255	0.0
55.0	24.45255474452555	22.99270072992701	19.34306569343066	33.21167883211679	0.0
56.0	27.419354838709676	20.967741935483872	22.177419354838708	29.435483870967744	0.0
57.0	25.64102564102564	22.64957264957265	20.51282051282051	31.196581196581196	0.0
58.0	19.724770642201836	25.229357798165136	25.229357798165136	29.81651376146789	0.0
59.0	22.885572139303484	25.870646766169152	20.8955223880597	30.34825870646766	0.0
60.0	31.770833333333332	24.479166666666664	20.833333333333336	22.916666666666664	0.0
61.0	27.683615819209038	22.598870056497177	22.598870056497177	27.11864406779661	0.0
62.0	32.31707317073171	24.390243902439025	15.24390243902439	28.04878048780488	0.0
63.0	29.22077922077922	25.324675324675322	26.623376623376622	18.83116883116883	0.0
64.0	35.25179856115108	20.863309352517987	17.985611510791365	25.899280575539567	0.0
65.0	26.61290322580645	22.58064516129032	19.35483870967742	31.451612903225808	0.0
66.0	27.82608695652174	30.434782608695656	16.52173913043478	25.217391304347824	0.0
67.0	29.906542056074763	20.5607476635514	12.149532710280374	37.38317757009346	0.0
68.0	30.76923076923077	15.384615384615385	17.307692307692307	36.53846153846153	0.0
69.0	30.107526881720432	23.655913978494624	20.43010752688172	25.806451612903224	0.0
70.0	22.35294117647059	18.823529411764707	23.52941176470588	35.294117647058826	0.0
71.0	21.25	20.0	25.0	33.75	0.0
72.0	37.5	18.055555555555554	19.444444444444446	25.0	0.0
73.0	27.142857142857142	18.571428571428573	17.142857142857142	37.142857142857146	0.0
74.0	21.875	25.0	23.4375	29.6875	0.0
75.0	26.229508196721312	24.59016393442623	22.950819672131146	26.229508196721312	0.0
76.0	25.423728813559322	18.64406779661017	23.728813559322035	32.20338983050847	0.0
77.0	32.72727272727273	29.09090909090909	14.545454545454545	23.636363636363637	0.0
78.0	27.083333333333332	25.0	18.75	29.166666666666668	0.0
79.0	29.78723404255319	17.02127659574468	17.02127659574468	36.17021276595745	0.0
80.0	32.608695652173914	30.434782608695656	19.565217391304348	17.391304347826086	0.0
81.0	19.51219512195122	14.634146341463413	31.70731707317073	34.146341463414636	0.0
82.0	22.22222222222222	27.77777777777778	22.22222222222222	27.77777777777778	0.0
83.0	20.588235294117645	23.52941176470588	29.411764705882355	26.47058823529412	0.0
84.0	17.24137931034483	41.37931034482759	17.24137931034483	24.137931034482758	0.0
85.0	20.689655172413794	20.689655172413794	20.689655172413794	37.93103448275862	0.0
86.0	17.857142857142858	35.714285714285715	25.0	21.428571428571427	0.0
87.0	36.0	20.0	20.0	24.0	0.0
88.0	29.166666666666668	25.0	16.666666666666664	29.166666666666668	0.0
89.0	55.00000000000001	15.0	20.0	10.0	0.0
90.0	36.84210526315789	26.31578947368421	10.526315789473683	26.31578947368421	0.0
91.0	11.76470588235294	23.52941176470588	23.52941176470588	41.17647058823529	0.0
92.0	50.0	25.0	18.75	6.25	0.0
93.0	42.857142857142854	28.57142857142857	7.142857142857142	21.428571428571427	0.0
94.0	10.0	30.0	20.0	40.0	0.0
95.0	20.0	30.0	0.0	50.0	0.0
96.0	50.0	20.0	10.0	20.0	0.0
97.0	22.22222222222222	33.33333333333333	22.22222222222222	22.22222222222222	0.0
98.0	28.57142857142857	14.285714285714285	28.57142857142857	28.57142857142857	0.0
99.0	40.0	0.0	20.0	40.0	0.0
100.0	20.0	20.0	20.0	40.0	0.0
101.0	0.0	60.0	20.0	20.0	0.0
102.0	75.0	25.0	0.0	0.0	0.0
103.0	50.0	0.0	25.0	25.0	0.0
104.0	25.0	25.0	0.0	50.0	0.0
105.0	0.0	25.0	25.0	50.0	0.0
106.0	33.33333333333333	0.0	33.33333333333333	33.33333333333333	0.0
107.0	33.33333333333333	33.33333333333333	33.33333333333333	0.0	0.0
108.0	33.33333333333333	33.33333333333333	0.0	33.33333333333333	0.0
109.0	0.0	0.0	66.66666666666666	33.33333333333333	0.0
110.0	0.0	0.0	50.0	50.0	0.0
111.0	50.0	50.0	0.0	0.0	0.0
112.0	0.0	0.0	50.0	50.0	0.0
113.0	0.0	100.0	0.0	0.0	0.0
114.0	100.0	0.0	0.0	0.0	0.0
