# Position (bp)	A	C	G	T	N
0.0	25.848303393213573	15.568862275449103	18.7624750499002	39.221556886227546	0.5988023952095809
1.0	20.059880239520957	17.56487025948104	22.85429141716567	39.52095808383233	0.0
2.0	31.137724550898206	16.766467065868262	20.059880239520957	32.035928143712574	0.0
3.0	30.239520958083833	17.864271457085827	17.365269461077844	34.5309381237525	0.0
4.0	28.642714570858285	18.263473053892216	20.758483033932134	32.33532934131736	0.0
5.0	29.540918163672654	16.86626746506986	20.059880239520957	33.532934131736525	0.0
6.0	28.443113772455092	18.163672654690618	22.954091816367264	30.439121756487026	0.0
7.0	25.149700598802394	22.75449101796407	20.65868263473054	31.437125748502993	0.0
8.0	29.44111776447106	21.656686626746506	21.25748502994012	27.644710578842314	0.0
9.0	28.443113772455092	20.55888223552894	20.65868263473054	30.33932135728543	0.0
10.0	26.34730538922156	21.25748502994012	22.355289421157686	30.039920159680637	0.0
11.0	30.13972055888224	21.756487025948104	21.25748502994012	26.84630738522954	0.0
12.0	26.94610778443114	19.46107784431138	22.255489021956087	31.3373253493014	0.0
13.0	25.149700598802394	21.057884231536928	22.75449101796407	31.037924151696604	0.0
14.0	28.842315369261478	23.353293413173652	21.656686626746506	26.147704590818364	0.0
15.0	27.644710578842314	22.45508982035928	20.25948103792415	29.64071856287425	0.0
16.0	26.546906187624753	19.46107784431138	23.053892215568865	30.938123752495013	0.0
17.0	26.34730538922156	21.856287425149702	22.75449101796407	29.041916167664674	0.0
18.0	28.343313373253494	21.756487025948104	20.958083832335326	28.942115768463072	0.0
19.0	28.043912175648707	21.656686626746506	22.355289421157686	27.944111776447105	0.0
20.0	28.74251497005988	22.055888223552895	22.355289421157686	26.84630738522954	0.0
21.0	28.74251497005988	22.15568862275449	20.55888223552894	28.542914171656687	0.0
22.0	29.34131736526946	18.263473053892216	24.151696606786427	28.2435129740519	0.0
23.0	30.13972055888224	22.654690618762473	21.157684630738522	26.047904191616766	0.0
24.0	29.241516966067866	21.956087824351297	21.756487025948104	27.045908183632733	0.0
25.0	28.343313373253494	19.660678642714572	21.35728542914172	30.63872255489022	0.0
26.0	27.14570858283433	22.255489021956087	21.057884231536928	29.540918163672654	0.0
27.0	27.345309381237527	25.54890219560878	20.85828343313373	26.24750499001996	0.0
28.0	28.842315369261478	23.253493013972058	21.35728542914172	26.546906187624753	0.0
29.0	26.147704590818364	21.55688622754491	24.05189620758483	28.2435129740519	0.0
30.0	28.82882882882883	25.125125125125123	18.31831831831832	27.72772772772773	0.0
31.0	31.35678391959799	20.502512562814072	21.50753768844221	26.633165829145728	0.0
32.0	29.868819374369327	22.300706357214935	20.282542885973765	27.547931382441977	0.0
33.0	27.03252032520325	22.35772357723577	20.73170731707317	29.878048780487802	0.0
34.0	29.561671763506624	20.38735983690112	23.139653414882773	26.911314984709477	0.0
35.0	27.897435897435898	23.897435897435898	20.0	28.205128205128204	0.0
36.0	29.430051813471504	22.487046632124354	20.207253886010363	27.875647668393782	0.0
37.0	27.405857740585777	20.920502092050206	21.548117154811717	30.125523012552303	0.0
38.0	28.270042194092827	24.68354430379747	17.405063291139243	29.64135021097046	0.0
39.0	31.62393162393162	20.405982905982906	19.764957264957264	28.205128205128204	0.0
40.0	31.31094257854821	20.910075839653306	19.39328277356446	28.38569880823402	0.0
41.0	31.538461538461537	20.0	20.10989010989011	28.35164835164835	0.0
42.0	26.83741648106904	21.603563474387528	21.714922048997774	29.84409799554566	0.0
43.0	30.182232346241456	19.931662870159453	20.72892938496583	29.157175398633257	0.0
44.0	30.697674418604652	21.627906976744185	20.813953488372093	26.86046511627907	0.0
45.0	29.66903073286052	23.52245862884161	20.44917257683215	26.35933806146572	0.0
46.0	30.871670702179177	22.397094430992738	19.128329297820823	27.602905569007262	0.0
47.0	32.54364089775561	19.950124688279303	19.825436408977556	27.680798004987533	0.0
48.0	30.181347150259068	21.632124352331605	19.041450777202073	29.14507772020725	0.0
49.0	30.933333333333334	21.46666666666667	19.2	28.4	0.0
50.0	29.629629629629626	19.89026063100137	21.810699588477366	28.669410150891633	0.0
51.0	33.66477272727273	20.454545454545457	19.176136363636363	26.704545454545453	0.0
52.0	32.94117647058823	20.588235294117645	20.0	26.47058823529412	0.0
53.0	29.1350531107739	22.76176024279211	20.637329286798177	27.46585735963581	0.0
54.0	31.753554502369667	20.063191153238545	19.589257503949447	28.593996840442337	0.0
55.0	32.34811165845649	21.510673234811165	18.39080459770115	27.750410509031198	0.0
56.0	31.005110732538334	21.29471890971039	19.591141396933562	28.109028960817717	0.0
57.0	30.350877192982455	17.543859649122805	22.45614035087719	29.64912280701754	0.0
58.0	31.386861313868614	22.26277372262774	20.072992700729927	26.277372262773724	0.0
59.0	28.40909090909091	20.833333333333336	20.833333333333336	29.924242424242426	0.0
60.0	29.411764705882355	22.54901960784314	19.019607843137255	29.01960784313726	0.0
61.0	32.52032520325203	23.3739837398374	16.666666666666664	27.439024390243905	0.0
62.0	30.128205128205128	22.64957264957265	19.230769230769234	27.99145299145299	0.0
63.0	34.090909090909086	19.090909090909093	19.090909090909093	27.727272727272727	0.0
64.0	27.96208530805687	24.881516587677723	19.431279620853083	27.72511848341232	0.0
65.0	30.632911392405067	20.759493670886076	18.734177215189874	29.873417721518987	0.0
66.0	38.9920424403183	20.424403183023873	17.24137931034483	23.342175066312997	0.0
67.0	26.330532212885156	27.450980392156865	21.288515406162464	24.92997198879552	0.0
68.0	33.137829912023456	18.7683284457478	21.700879765395893	26.392961876832842	0.0
69.0	34.47204968944099	17.391304347826086	18.32298136645963	29.81366459627329	0.0
70.0	33.442622950819676	24.262295081967213	18.0327868852459	23.934426229508198	0.32786885245901637
71.0	31.84931506849315	19.52054794520548	19.863013698630137	28.767123287671232	0.0
72.0	32.971014492753625	20.652173913043477	20.652173913043477	25.36231884057971	0.36231884057971014
73.0	34.11764705882353	20.0	17.647058823529413	28.235294117647058	0.0
74.0	30.04115226337449	19.34156378600823	22.22222222222222	28.39506172839506	0.0
75.0	30.53097345132743	21.238938053097346	18.58407079646018	29.646017699115045	0.0
76.0	30.434782608695656	24.637681159420293	17.391304347826086	27.536231884057973	0.0
77.0	35.26315789473684	26.842105263157894	15.789473684210526	22.105263157894736	0.0
78.0	37.93103448275862	17.24137931034483	14.942528735632186	29.88505747126437	0.0
79.0	34.394904458598724	21.019108280254777	15.92356687898089	28.662420382165603	0.0
80.0	35.25179856115108	25.899280575539567	16.546762589928058	22.302158273381295	0.0
81.0	38.28125	18.75	14.84375	27.34375	0.78125
82.0	31.775700934579437	28.971962616822427	17.75700934579439	21.49532710280374	0.0
83.0	34.02061855670103	23.711340206185564	8.24742268041237	34.02061855670103	0.0
84.0	35.22727272727273	20.454545454545457	19.318181818181817	25.0	0.0
85.0	31.70731707317073	32.926829268292686	13.414634146341465	21.951219512195124	0.0
86.0	35.13513513513514	25.675675675675674	10.81081081081081	28.37837837837838	0.0
87.0	35.82089552238806	19.402985074626866	14.925373134328357	29.850746268656714	0.0
88.0	50.0	12.068965517241379	10.344827586206897	25.862068965517242	1.7241379310344827
89.0	47.91666666666667	16.666666666666664	14.583333333333334	20.833333333333336	0.0
90.0	39.130434782608695	17.391304347826086	15.217391304347828	28.26086956521739	0.0
91.0	27.500000000000004	25.0	17.5	30.0	0.0
92.0	23.684210526315788	31.57894736842105	23.684210526315788	21.052631578947366	0.0
93.0	41.17647058823529	17.647058823529413	11.76470588235294	29.411764705882355	0.0
94.0	35.483870967741936	25.806451612903224	19.35483870967742	19.35483870967742	0.0
95.0	16.129032258064516	25.806451612903224	16.129032258064516	41.935483870967744	0.0
96.0	17.24137931034483	31.03448275862069	13.793103448275861	37.93103448275862	0.0
97.0	39.285714285714285	17.857142857142858	21.428571428571427	21.428571428571427	0.0
98.0	33.33333333333333	22.22222222222222	11.11111111111111	33.33333333333333	0.0
99.0	44.44444444444444	11.11111111111111	22.22222222222222	22.22222222222222	0.0
100.0	23.076923076923077	19.230769230769234	7.6923076923076925	50.0	0.0
101.0	50.0	19.230769230769234	19.230769230769234	11.538461538461538	0.0
102.0	30.76923076923077	23.076923076923077	15.384615384615385	30.76923076923077	0.0
103.0	24.0	24.0	24.0	28.000000000000004	0.0
104.0	23.809523809523807	23.809523809523807	19.047619047619047	33.33333333333333	0.0
105.0	25.0	30.0	20.0	25.0	0.0
106.0	26.31578947368421	15.789473684210526	15.789473684210526	42.10526315789473	0.0
107.0	29.411764705882355	23.52941176470588	29.411764705882355	17.647058823529413	0.0
108.0	40.0	33.33333333333333	6.666666666666667	20.0	0.0
109.0	26.666666666666668	33.33333333333333	6.666666666666667	33.33333333333333	0.0
110.0	28.57142857142857	35.714285714285715	21.428571428571427	14.285714285714285	0.0
111.0	14.285714285714285	28.57142857142857	14.285714285714285	42.857142857142854	0.0
112.0	23.076923076923077	23.076923076923077	15.384615384615385	38.46153846153847	0.0
113.0	33.33333333333333	25.0	16.666666666666664	25.0	0.0
114.0	20.0	20.0	40.0	20.0	0.0
115.0	33.33333333333333	33.33333333333333	11.11111111111111	22.22222222222222	0.0
116.0	66.66666666666666	11.11111111111111	11.11111111111111	11.11111111111111	0.0
117.0	37.5	25.0	0.0	37.5	0.0
118.0	0.0	33.33333333333333	16.666666666666664	50.0	0.0
119.0	60.0	20.0	0.0	20.0	0.0
120.0	25.0	0.0	25.0	50.0	0.0
121.0	25.0	0.0	25.0	50.0	0.0
122.0	33.33333333333333	0.0	0.0	66.66666666666666	0.0
123.0	0.0	33.33333333333333	33.33333333333333	33.33333333333333	0.0
124.0	33.33333333333333	33.33333333333333	0.0	33.33333333333333	0.0
125.0	0.0	33.33333333333333	33.33333333333333	33.33333333333333	0.0
126.0	0.0	0.0	100.0	0.0	0.0
127.0	0.0	0.0	0.0	100.0	0.0
128.0	0.0	0.0	0.0	100.0	0.0
