# Position (bp)	A	C	G	T	N
0.0	21.05748219939649	26.359758000981078	22.39382813312919	30.188931666493247	0.0
1.0	20.009513474945372	22.72234031483656	26.82205342410774	30.44609278611033	0.0
2.0	23.62017451280603	26.591648952774516	25.76962525827598	24.018551276143473	0.0
3.0	25.17503307419024	26.260163810146715	24.400576754418562	24.16422636124448	0.0
4.0	24.011118873842403	26.890431525277602	25.671517547901836	23.426932052978163	0.0
5.0	23.208419425326653	26.927593536782958	26.722459233273376	23.141527804617006	0.0
6.0	23.78814680481025	25.904894980155486	27.010836442554965	23.2961217724793	0.0
7.0	22.652475733206487	27.74218482898042	26.19773163081771	23.407607806995376	0.0
8.0	22.04153226405839	27.828400695672855	26.943944821845317	23.18612221842344	0.0
9.0	23.086528027589075	27.053944375901178	26.625838003359448	23.2336895931503	0.0
10.0	22.610854280320485	27.44488873693755	27.015295883935607	22.928961098806354	0.0
11.0	22.47855751936141	27.69313097379335	27.5221857208687	22.306125785976544	0.0
12.0	23.42990501389859	27.049484934520535	26.71205387005188	22.808556181528992	0.0
13.0	22.606394838939842	27.562320693294485	26.77448604938088	23.05679841838479	0.0
14.0	22.766934728642994	27.483537228903128	27.218943706984973	22.53058433546891	0.0
15.0	23.40909428745559	27.144619683974252	26.703134987290593	22.743151041279564	0.0
16.0	22.549908581451696	27.419618569113908	27.08961990694632	22.94085294248807	0.0
17.0	22.52017897224741	27.629212314004132	26.866647837914172	22.983960875834285	0.0
18.0	23.05679841838479	27.55637477145363	26.52178437114444	22.865042439017138	0.0
19.0	22.94679886432893	27.532591084090203	26.813134541346457	22.707475510234417	0.0
20.0	22.682205342410775	27.688671532412705	27.35124046794405	22.27788265723247	0.0
21.0	23.2336895931503	27.256105718490332	26.69867554590995	22.811529142449423	0.0
22.0	22.897745009141854	27.380970077148337	26.929080017243173	22.792204896466636	0.0
23.0	22.505314167645267	27.589077341578346	27.166916890877467	22.73869159989892	0.0
24.0	22.94085294248807	27.270970523092476	26.529216773445512	23.25895976097394	0.0
25.0	22.847204673494566	27.51772627948806	26.576784148172372	23.058284898845006	0.0
26.0	22.912609813743998	27.253132757569904	26.99002571611196	22.84423171257414	0.0
27.0	23.04342009424286	27.278402925393546	26.55151398034873	23.126663000014865	0.0
28.0	22.96760959077193	27.233808511587114	26.624351522899232	23.174230374741725	0.0
29.0	23.082068586208436	27.22043018744519	26.631783925200303	23.065717301146076	0.0
30.0	23.17838257700236	27.14874675111284	26.48104442386401	23.191826248020792	0.0
31.0	23.270251176214167	27.381363957490944	26.408826491499692	22.939558374795197	0.0
32.0	23.087053267335726	27.2361230946218	26.795634470127	22.881189167915476	0.0
33.0	23.468624547799674	26.87100270175385	26.48787263596538	23.172500114481096	0.0
34.0	22.985814838202906	27.29681026383477	26.37269548877971	23.34467940918262	0.0
35.0	22.712968156041626	27.592384869446	27.10008101202717	22.5945659624852	0.0
36.0	23.310997240835633	26.875837603468668	26.595191170674028	23.21797398502168	0.0
37.0	22.998035175156947	27.004360952700434	26.961230651267552	23.036373220875067	0.0
38.0	22.878748623615518	27.12448992810415	27.02895265237386	22.96780879590647	0.0
39.0	23.80483481857122	26.78679861487207	26.287889977516286	23.120476589040422	0.0
40.0	23.150461343726057	27.036074747676626	26.68631957629659	23.127144332300723	0.0
41.0	23.27344093662234	26.685954048658346	27.227354244915915	22.813250769803403	0.0
42.0	23.474864948560025	26.71265870694698	26.432233423941092	23.380242920551904	0.0
43.0	23.22196956445688	27.320272870386564	26.407206576875986	23.050550988280566	0.0
44.0	23.47852400363125	26.88727104434041	26.81785008633119	22.816354865697146	0.0
45.0	23.46037331978885	26.850726504253814	26.40629818419286	23.28260199176447	0.0
46.0	23.44099539647618	27.208859472351126	26.155040766144687	23.195104365028012	0.0
47.0	23.33691898318519	27.04146143539225	26.701768291532208	22.919851289890357	0.0
48.0	23.866330050685118	26.643411898475595	26.525853263697506	22.964404787141785	0.0
49.0	23.00245941957698	27.47073290703394	26.71323167732415	22.813575996064927	0.0
50.0	23.343443067467412	26.80820294454376	27.22799124269388	22.620362745294955	0.0
51.0	23.282333155584727	27.191435251651015	26.508470404856638	23.017761187907627	0.0
52.0	23.500701732336246	27.0219317539119	26.37675694924485	23.100609564507007	0.0
53.0	23.19168946648427	27.04557113543092	27.04129616963064	22.72144322845417	0.0
54.0	23.700582854897508	26.741470016808922	26.868082691174223	22.689864437119343	0.0
55.0	23.024966562639325	27.394115024520733	26.584930896121268	22.99598751671868	0.0
56.0	23.52941176470588	27.138048679962452	26.47631259588304	22.85622695944863	0.0
57.0	23.327458583010223	27.124897191869344	26.629068264598754	22.91857596052168	0.0
58.0	22.830334314245743	27.08041873703507	27.229967678132084	22.8592792705871	0.0
59.0	22.820037105751393	27.121830550401977	27.3865182436611	22.67161410018553	0.0
60.0	23.223710921640276	26.981831100284204	26.687474624441737	23.10698335363378	0.0
61.0	23.140237549489477	26.930089602000418	26.65659512398416	23.273077724525944	0.0
62.0	23.26781655301511	26.7843294558096	27.16138521192673	22.786468779248562	0.0
63.0	23.270561106840894	27.02316899088613	26.83924453716921	22.867025365103764	0.0
64.0	22.956737548649105	27.235038637260985	27.006599356985728	22.80162445710418	0.0
65.0	23.018376501229923	26.505570829113008	27.639994212125597	22.836058457531472	0.0
66.0	23.186640121237335	27.349716221436427	26.820788636971443	22.642855020354798	0.0
67.0	22.906951936850447	27.4511596720612	26.664838011642438	22.977050379445917	0.0
68.0	22.6789621756799	27.09596748984058	27.60550171928728	22.619568615192247	0.0
69.0	23.3408215661104	26.784338896020536	27.137355584082158	22.737483953786906	0.0
70.0	22.82683882868342	26.805889522052766	27.326328271682204	23.04094337758161	0.0
71.0	23.004297654901695	26.91956278975331	27.454231667287065	22.621907888057933	0.0
72.0	22.813370473537606	26.720055710306408	26.935933147632312	23.530640668523677	0.0
73.0	22.90668573471577	27.15409367179121	27.275652484805146	22.66356810868788	0.0
74.0	22.912150494176434	27.155821729066393	27.2440019105706	22.688025866186575	0.0
75.0	23.095516863693017	26.842164897835858	27.359595120293083	22.698946255240397	0.003776862937643993
76.0	22.582146875121232	27.547813942662064	27.18702719478605	22.683011987430653	0.0
77.0	22.551597736871464	27.153558052434455	27.771137142401788	22.523707068292296	0.0
78.0	23.5489424495819	26.938842433185766	27.229873749795047	22.282341367437287	0.0
79.0	22.892279085492117	27.24506613700714	27.088703883700294	22.77395089380045	0.0
80.0	22.65315883299274	27.20118266011566	27.896865081090482	22.24879342580112	0.0
81.0	22.95476848960657	27.125524132393615	27.23258096172718	22.687126416272637	0.0
82.0	22.892448512585812	27.4279176201373	27.473684210526315	22.205949656750573	0.0
83.0	23.249787995854142	27.079996231037406	27.320267596344106	22.349948176764343	0.0
84.0	23.153140026227597	26.59186944484919	27.568118898440915	22.686871630482297	0.0
85.0	22.470223200880792	27.03433089780803	27.93013712341107	22.56530877790011	0.0
86.0	23.105884780029914	27.329929341379135	27.78895249883955	21.775233379751405	0.0
87.0	23.954352441613587	26.528662420382165	26.953290870488324	22.563694267515924	0.0
88.0	22.854472483369072	27.35719390840618	27.15377425916763	22.634559349057124	0.0
89.0	23.23329558323896	27.440543601359003	27.429218573046434	21.896942242355603	0.0
90.0	23.73974208675264	27.198124267291913	27.256740914419698	21.805392731535754	0.0
91.0	23.102590547837167	27.161317721288604	27.768003397439788	21.968088333434448	0.0
92.0	22.880663608370515	27.398981964431595	27.738327153899327	21.98202727329856	0.0
93.0	23.158718768347576	27.125057081349073	27.359906060408377	22.349794507143322	0.0065235827516472045
94.0	23.544508982844793	26.813454005133053	26.935026340672703	22.707010671349455	0.0
95.0	22.139704336859804	27.03706298605759	28.263154207244444	22.553072234288518	0.007006235549639178
96.0	22.922134733158355	26.458151064450274	27.960046660834063	22.659667541557305	0.0
97.0	23.521841168899993	26.958891664774015	27.231433113786057	22.287834052539935	0.0
98.0	22.84523435042466	27.280591380937402	27.58729160113243	22.286882667505505	0.0
99.0	23.517382413087933	26.421267893660534	27.844580777096112	22.21676891615542	0.0
100.0	23.49238751382155	27.200816534830313	27.626095092285446	21.680700859062686	0.0
101.0	22.460366663714463	27.650340979541227	28.19945089008945	21.68984146665486	0.0
102.0	23.58429561200924	26.826789838337184	26.688221709006925	22.900692840646652	0.0
103.0	23.03760848601736	27.174541947926713	27.50241080038573	22.2854387656702	0.0
104.0	22.885021627602857	27.673272306608993	27.150186097978068	22.291519967810082	0.0
105.0	22.81900357368089	27.58040782005466	27.265083035526594	22.324994744586924	0.010510826150935465
106.0	23.834652594547055	27.627528583992966	27.25373790677221	21.273087071240106	0.010993843447669306
107.0	23.35031257235471	26.892799259087752	28.038897893030796	21.70641352164853	0.011576753878212548
108.0	23.515786907229064	27.27051078873583	28.257954406924295	20.955747897110815	0.0
109.0	23.37243779811783	26.878948046925355	28.464612607967	21.271109965192732	0.012891581797086502
110.0	23.52141400407886	27.273963290278726	27.26036709721278	21.94425560842964	0.0
111.0	24.771036061820265	27.303949627933598	26.888952489982827	21.036061820263306	0.0
112.0	23.01623425883781	26.596874525868607	27.810650887573964	22.576240327719617	0.0
113.0	23.059581320450885	27.375201288244767	28.454106280193237	21.11111111111111	0.0
114.0	23.505154639175256	26.426116838487975	27.52577319587629	22.542955326460483	0.0
115.0	23.802586049899833	27.11710071025314	27.463121471498813	21.598980149335276	0.01821161901293025
116.0	23.073929961089494	27.782101167315176	27.37354085603113	21.770428015564203	0.0
117.0	23.282522447275007	27.89726456462727	26.498225099185635	22.32198788891209	0.0
118.0	24.378220927627154	26.372395249831953	27.268653372171187	21.980730450369705	0.0
119.0	24.587813620071685	26.762246117084825	27.526881720430108	21.123058542413382	0.0
120.0	23.96349413298566	27.640156453715775	26.883963494132985	21.51238591916558	0.0
121.0	24.39510389980074	27.21320808425847	27.83945345858241	20.552234557358386	0.0
122.0	24.460659898477157	27.062182741116754	27.72842639593909	20.748730964467004	0.0
123.0	25.46907574704656	26.164002779708127	27.067407922168172	21.299513551077137	0.0
124.0	24.056052938886726	24.951342934994162	28.454651615414555	22.537952510704553	0.0
125.0	25.82515611061552	28.055307760927743	24.62087421944692	21.49866190900981	0.0
126.0	26.605033384694405	24.03697996918336	27.478171545968156	21.879815100154083	0.0
127.0	24.362089914945322	26.792223572296475	26.609963547995143	22.235722964763063	0.0
128.0	24.170965364775242	25.93957258658806	28.371407516580692	21.518054532056006	0.0
129.0	22.91861552853134	28.531337698783908	29.09260991580917	19.457436856875585	0.0
130.0	25.782092772384036	26.21359223300971	25.5663430420712	22.43797195253506	0.0
131.0	26.254826254826252	26.126126126126124	25.353925353925355	22.265122265122265	0.0
132.0	23.43987823439878	24.200913242009133	28.9193302891933	23.43987823439878	0.0
133.0	27.223230490018146	26.860254083484573	27.404718693284934	18.51179673321234	0.0
134.0	26.448362720403022	30.730478589420656	24.937027707808564	17.884130982367758	0.0
135.0	27.547169811320753	27.547169811320753	20.754716981132077	24.150943396226417	0.0
136.0	33.582089552238806	25.37313432835821	23.88059701492537	17.16417910447761	0.0
137.0	43.47826086956522	30.434782608695656	21.73913043478261	4.3478260869565215	0.0
138.0	12.5	43.75	18.75	25.0	0.0
139.0	36.36363636363637	27.27272727272727	27.27272727272727	9.090909090909092	0.0
140.0	20.0	0.0	40.0	40.0	0.0
