# Position (bp)	A	C	G	T	N
0.0	16.417910447761194	44.776119402985074	28.35820895522388	10.44776119402985	0.0
1.0	20.8955223880597	29.850746268656714	22.388059701492537	26.865671641791046	0.0
2.0	23.88059701492537	26.865671641791046	28.35820895522388	20.8955223880597	0.0
3.0	29.850746268656714	22.388059701492537	14.925373134328357	32.83582089552239	0.0
4.0	25.37313432835821	28.35820895522388	29.850746268656714	16.417910447761194	0.0
5.0	28.35820895522388	17.91044776119403	31.343283582089555	22.388059701492537	0.0
6.0	16.417910447761194	29.850746268656714	25.37313432835821	28.35820895522388	0.0
7.0	22.388059701492537	25.37313432835821	20.8955223880597	31.343283582089555	0.0
8.0	22.388059701492537	28.35820895522388	29.850746268656714	19.402985074626866	0.0
9.0	17.91044776119403	37.3134328358209	22.388059701492537	22.388059701492537	0.0
10.0	16.417910447761194	31.343283582089555	25.37313432835821	26.865671641791046	0.0
11.0	22.388059701492537	32.83582089552239	34.32835820895522	10.44776119402985	0.0
12.0	17.91044776119403	34.32835820895522	37.3134328358209	10.44776119402985	0.0
13.0	22.388059701492537	28.35820895522388	23.88059701492537	25.37313432835821	0.0
14.0	16.417910447761194	28.35820895522388	40.298507462686565	14.925373134328357	0.0
15.0	20.8955223880597	25.37313432835821	34.32835820895522	19.402985074626866	0.0
16.0	22.388059701492537	19.402985074626866	26.865671641791046	31.343283582089555	0.0
17.0	22.388059701492537	26.865671641791046	35.82089552238806	14.925373134328357	0.0
18.0	13.432835820895523	25.37313432835821	37.3134328358209	23.88059701492537	0.0
19.0	19.402985074626866	34.32835820895522	28.35820895522388	17.91044776119403	0.0
20.0	14.925373134328357	29.850746268656714	34.32835820895522	20.8955223880597	0.0
21.0	25.37313432835821	23.88059701492537	38.80597014925373	11.940298507462686	0.0
22.0	26.865671641791046	31.343283582089555	17.91044776119403	23.88059701492537	0.0
23.0	22.388059701492537	26.865671641791046	31.343283582089555	19.402985074626866	0.0
24.0	13.432835820895523	38.80597014925373	26.865671641791046	20.8955223880597	0.0
25.0	17.91044776119403	37.3134328358209	22.388059701492537	22.388059701492537	0.0
26.0	23.88059701492537	20.8955223880597	32.83582089552239	22.388059701492537	0.0
27.0	28.35820895522388	14.925373134328357	29.850746268656714	26.865671641791046	0.0
28.0	17.91044776119403	32.83582089552239	22.388059701492537	26.865671641791046	0.0
29.0	32.83582089552239	20.8955223880597	25.37313432835821	20.8955223880597	0.0
30.0	30.303030303030305	25.757575757575758	21.21212121212121	22.727272727272727	0.0
31.0	18.181818181818183	28.78787878787879	31.818181818181817	21.21212121212121	0.0
32.0	20.0	23.076923076923077	33.84615384615385	23.076923076923077	0.0
33.0	22.58064516129032	22.58064516129032	24.193548387096776	30.64516129032258	0.0
34.0	17.741935483870968	29.03225806451613	29.03225806451613	24.193548387096776	0.0
35.0	11.666666666666666	26.666666666666668	31.666666666666664	30.0	0.0
36.0	31.03448275862069	17.24137931034483	29.310344827586203	22.413793103448278	0.0
37.0	19.642857142857142	23.214285714285715	28.57142857142857	28.57142857142857	0.0
38.0	27.77777777777778	29.629629629629626	27.77777777777778	14.814814814814813	0.0
39.0	30.76923076923077	25.0	32.69230769230769	11.538461538461538	0.0
40.0	20.0	32.0	32.0	16.0	0.0
41.0	29.166666666666668	29.166666666666668	22.916666666666664	18.75	0.0
42.0	32.608695652173914	17.391304347826086	32.608695652173914	17.391304347826086	0.0
43.0	14.634146341463413	41.46341463414634	29.268292682926827	14.634146341463413	0.0
44.0	30.0	30.0	20.0	20.0	0.0
45.0	20.51282051282051	20.51282051282051	28.205128205128204	30.76923076923077	0.0
46.0	23.076923076923077	33.33333333333333	28.205128205128204	15.384615384615385	0.0
47.0	25.64102564102564	12.82051282051282	51.28205128205128	10.256410256410255	0.0
48.0	18.421052631578945	21.052631578947366	28.947368421052634	31.57894736842105	0.0
49.0	13.513513513513514	24.324324324324326	27.027027027027028	35.13513513513514	0.0
50.0	40.54054054054054	43.24324324324324	8.108108108108109	8.108108108108109	0.0
51.0	23.52941176470588	29.411764705882355	17.647058823529413	29.411764705882355	0.0
52.0	12.121212121212121	30.303030303030305	27.27272727272727	30.303030303030305	0.0
53.0	18.181818181818183	27.27272727272727	33.33333333333333	21.21212121212121	0.0
54.0	28.125	31.25	21.875	18.75	0.0
55.0	6.666666666666667	23.333333333333332	40.0	30.0	0.0
56.0	24.137931034482758	20.689655172413794	24.137931034482758	31.03448275862069	0.0
57.0	22.22222222222222	37.03703703703704	7.4074074074074066	33.33333333333333	0.0
58.0	26.923076923076923	15.384615384615385	34.61538461538461	23.076923076923077	0.0
59.0	20.0	40.0	20.0	20.0	0.0
60.0	12.0	36.0	32.0	20.0	0.0
61.0	8.695652173913043	17.391304347826086	52.17391304347826	21.73913043478261	0.0
62.0	26.08695652173913	17.391304347826086	43.47826086956522	13.043478260869565	0.0
63.0	19.047619047619047	38.095238095238095	14.285714285714285	28.57142857142857	0.0
64.0	16.666666666666664	27.77777777777778	33.33333333333333	22.22222222222222	0.0
65.0	27.77777777777778	38.88888888888889	27.77777777777778	5.555555555555555	0.0
66.0	41.17647058823529	17.647058823529413	35.294117647058826	5.88235294117647	0.0
67.0	29.411764705882355	29.411764705882355	35.294117647058826	5.88235294117647	0.0
68.0	0.0	43.75	37.5	18.75	0.0
69.0	37.5	12.5	6.25	43.75	0.0
70.0	25.0	37.5	25.0	12.5	0.0
71.0	25.0	56.25	18.75	0.0	0.0
72.0	23.076923076923077	7.6923076923076925	15.384615384615385	53.84615384615385	0.0
73.0	33.33333333333333	50.0	8.333333333333332	8.333333333333332	0.0
74.0	0.0	25.0	50.0	25.0	0.0
75.0	33.33333333333333	16.666666666666664	33.33333333333333	16.666666666666664	0.0
76.0	16.666666666666664	33.33333333333333	25.0	25.0	0.0
77.0	16.666666666666664	8.333333333333332	58.333333333333336	16.666666666666664	0.0
78.0	25.0	33.33333333333333	16.666666666666664	25.0	0.0
79.0	25.0	25.0	33.33333333333333	16.666666666666664	0.0
80.0	0.0	33.33333333333333	41.66666666666667	25.0	0.0
81.0	8.333333333333332	33.33333333333333	25.0	33.33333333333333	0.0
82.0	25.0	33.33333333333333	16.666666666666664	25.0	0.0
83.0	41.66666666666667	8.333333333333332	33.33333333333333	16.666666666666664	0.0
84.0	9.090909090909092	54.54545454545454	9.090909090909092	27.27272727272727	0.0
85.0	36.36363636363637	45.45454545454545	0.0	18.181818181818183	0.0
86.0	45.45454545454545	18.181818181818183	27.27272727272727	9.090909090909092	0.0
87.0	30.0	10.0	20.0	40.0	0.0
88.0	0.0	40.0	60.0	0.0	0.0
89.0	20.0	40.0	30.0	10.0	0.0
90.0	10.0	0.0	30.0	60.0	0.0
91.0	20.0	10.0	50.0	20.0	0.0
92.0	20.0	40.0	30.0	10.0	0.0
93.0	50.0	10.0	30.0	10.0	0.0
94.0	20.0	30.0	20.0	30.0	0.0
95.0	22.22222222222222	22.22222222222222	33.33333333333333	22.22222222222222	0.0
96.0	22.22222222222222	33.33333333333333	22.22222222222222	22.22222222222222	0.0
97.0	22.22222222222222	33.33333333333333	11.11111111111111	33.33333333333333	0.0
98.0	22.22222222222222	11.11111111111111	44.44444444444444	22.22222222222222	0.0
99.0	22.22222222222222	44.44444444444444	11.11111111111111	22.22222222222222	0.0
100.0	12.5	12.5	62.5	12.5	0.0
101.0	12.5	50.0	37.5	0.0	0.0
102.0	37.5	25.0	25.0	12.5	0.0
103.0	75.0	12.5	0.0	12.5	0.0
104.0	42.857142857142854	14.285714285714285	28.57142857142857	14.285714285714285	0.0
105.0	50.0	16.666666666666664	0.0	33.33333333333333	0.0
106.0	33.33333333333333	16.666666666666664	0.0	50.0	0.0
107.0	20.0	40.0	40.0	0.0	0.0
108.0	40.0	20.0	40.0	0.0	0.0
109.0	50.0	50.0	0.0	0.0	0.0
110.0	25.0	50.0	25.0	0.0	0.0
111.0	50.0	25.0	0.0	25.0	0.0
112.0	25.0	50.0	0.0	25.0	0.0
113.0	25.0	25.0	25.0	25.0	0.0
114.0	0.0	25.0	25.0	50.0	0.0
115.0	25.0	50.0	25.0	0.0	0.0
116.0	0.0	50.0	25.0	25.0	0.0
117.0	0.0	25.0	25.0	50.0	0.0
118.0	25.0	0.0	25.0	50.0	0.0
119.0	0.0	50.0	50.0	0.0	0.0
120.0	0.0	50.0	25.0	25.0	0.0
121.0	0.0	50.0	25.0	25.0	0.0
122.0	0.0	50.0	50.0	0.0	0.0
123.0	25.0	25.0	25.0	25.0	0.0
124.0	25.0	25.0	50.0	0.0	0.0
125.0	0.0	33.33333333333333	0.0	66.66666666666666	0.0
126.0	33.33333333333333	0.0	66.66666666666666	0.0	0.0
127.0	0.0	100.0	0.0	0.0	0.0
128.0	33.33333333333333	33.33333333333333	0.0	33.33333333333333	0.0
129.0	0.0	0.0	100.0	0.0	0.0
130.0	0.0	50.0	0.0	50.0	0.0
131.0	0.0	100.0	0.0	0.0	0.0
