# Position (bp)	A	C	G	T	N
0.0	21.95986576405775	24.82051982290939	18.25787375729343	34.961740655739426	0.0
1.0	18.9117225370383	20.271412891061967	25.119872276286557	35.69699229561317	0.0
2.0	24.914526996864677	25.008008991077197	25.97539007725394	24.102073934804185	0.0
3.0	25.682864960532743	25.50903046567688	22.980290004253956	25.82781456953642	0.0
4.0	23.66564956856484	26.497943921307066	25.52058442001775	24.315822090110338	0.0
5.0	23.288570513258165	26.483238888509593	26.16708068336388	24.06005955538283	0.0010503594855339239
6.0	24.702879560529592	25.47016716471212	26.06151955506772	23.765433719690567	0.0
7.0	22.906239660523813	27.487382556680025	25.134577309084033	24.471800473712126	0.0
8.0	22.43672897049015	26.841936652819427	26.476411551853623	24.244922824836802	0.0
9.0	23.406210775637962	26.437023071146097	25.959109505228163	24.197656647987774	0.0
10.0	22.74605983897989	27.413332212949882	26.412339623236054	23.428268324834175	0.0
11.0	23.10948422097463	27.127634432884655	27.02417402355956	22.738707322581153	0.0
12.0	23.748102788179253	26.533130964072456	26.106159833202913	23.61260641454538	0.0
13.0	23.06799502129604	27.25472793063426	26.05731811712559	23.619958930944115	0.0
14.0	23.33583669010719	26.923864692691073	26.87922441455588	22.861074202645856	0.0
15.0	23.892002037697402	26.48533960748066	26.17075694156325	23.45190141325869	0.0
16.0	23.170405071135598	27.044130853784708	26.325159785936737	23.460304289142957	0.0
17.0	23.194038159560108	26.825656080793653	26.908109300408068	23.072196459238175	0.0
18.0	23.808498458597455	26.587224477577454	26.113512349601653	23.49076471422344	0.0
19.0	23.207167653129286	27.359238699444887	26.282620226772615	23.150973420653216	0.0
20.0	23.402534517438596	26.763159691404383	27.034152438672137	22.80015335248489	0.0
21.0	23.837383344449638	26.506346797191338	26.05994401583942	23.5963258425196	0.0
22.0	23.26651296406195	26.81987910362322	26.396059051210273	23.51754888110456	0.0
23.0	23.32218201679525	26.855591326131368	26.908634480150834	22.913592176922553	0.0
24.0	23.51334744316242	26.652346765680555	26.188613052817328	23.645692738339697	0.0
25.0	23.185635283675836	27.0887711319199	26.41654106117819	23.30905252322607	0.0
26.0	23.44139781840335	26.89918124478103	26.640267631596913	23.019153305218712	0.0
27.0	23.7696351576327	26.280519507801547	26.37767776021343	23.572167574352324	0.0
28.0	23.30905252322607	26.88500139172632	26.21382168047014	23.592124404577465	0.0
29.0	23.474484142197667	26.76946184831759	26.732699266323902	23.023354743160848	0.0
30.0	23.873245736356605	26.43748322695054	26.08176302509511	23.60750801159774	0.0
31.0	23.47324217101376	26.892356714780114	26.227631467882162	23.406769646323962	0.0
32.0	23.51689532520325	26.55985348915989	26.95947662601626	22.963774559620596	0.0
33.0	23.893546552118277	26.01687391348265	26.3480789575813	23.741500576817774	0.0
34.0	23.383358550890456	26.639363982912656	26.34905019808703	23.628227268109857	0.0
35.0	23.743837592301563	26.52257217282728	26.664657380895996	23.06893285397516	0.0
36.0	23.9302376044266	26.23792991211891	26.206466312249105	23.625366171205382	0.0
37.0	23.52348625862258	26.738202124165117	26.25479032081463	23.483521296397676	0.0
38.0	23.834176830111453	26.312674576177436	26.765120716833984	23.088027876877128	0.0
39.0	24.06043215366458	26.023190643196347	26.212810229389362	23.703566973749712	0.0
40.0	23.765061605363293	26.66074017032071	26.237769523464394	23.336428700851602	0.0
41.0	23.74959108830771	26.459025613654497	26.784433234046706	23.006950063991095	0.0
42.0	24.024779338130838	26.268660192365918	26.188895875544375	23.517664593958873	0.0
43.0	23.785747246116166	26.748464805897036	26.273412449566358	23.192375498420436	0.0
44.0	23.859991213341278	26.57663350605738	26.578438983877085	22.98493629672426	0.0
45.0	24.330188852724298	26.034828340780784	26.061185585651852	23.573797220843066	0.0
46.0	23.803027553363915	26.4144331316216	26.2623670986677	23.520172216346786	0.0
47.0	23.778691091779535	26.37630951543934	26.934311701427283	22.910687691353843	0.0
48.0	24.275617912943513	26.10780164080054	26.143073627005275	23.473506819250666	0.0
49.0	23.779461279461277	26.652771097215545	26.270642937309603	23.297124686013575	0.0
50.0	23.846227433616225	26.466046219233867	26.865783827368016	22.82194251978189	0.0
51.0	24.2511685752814	26.28438475996171	26.16350970843261	23.300936956324282	0.0
52.0	23.641281016570794	26.984058842048025	26.379468246472626	22.995191894908558	0.0
53.0	23.834158923703725	26.47360553389806	26.8363279303573	22.85590761204092	0.0
54.0	24.301470588235293	26.289765906362543	26.116446578631454	23.29231692677071	0.0
55.0	23.861269721724828	26.600216718028324	26.295889273994604	23.24262428625224	0.0
56.0	24.075625602681043	26.389130400417333	26.927393730536366	22.607850266365258	0.0
57.0	24.12752633077142	26.263267048920337	26.435687853279653	23.173518767028586	0.0
58.0	23.829174583776272	26.52280546092226	26.596465969682004	23.05155398561946	0.0
59.0	23.777712650415474	26.33089680377892	27.09719684170603	22.794193704099573	0.0
60.0	24.021522943599944	26.50678363403893	26.375372922290097	23.096320500071034	0.0
61.0	23.62803204917133	26.853986024219807	26.56678739984634	22.95119452676252	0.0
62.0	23.97196966838948	26.378881050288605	27.044742898102385	22.604406383219526	0.0
63.0	24.063043541632254	26.259073197749554	26.702165907125437	22.975717353492755	0.0
64.0	23.668603486275295	26.63594470046083	26.74213584452014	22.95331596874374	0.0
65.0	23.585090680126754	26.508324817555923	27.29384077044561	22.612743731871713	0.0
66.0	24.002039472286548	26.5248242017378	26.62573559091585	22.847400735059804	0.0
67.0	23.53790771722123	26.869672732047313	26.90906305734575	22.68335649338571	0.0
68.0	23.824225352112677	26.715492957746477	27.061408450704228	22.39887323943662	0.0
69.0	24.109433217647673	26.666511903241908	26.514456838415377	22.70959804069504	0.0
70.0	23.566627598249095	26.936876599612503	26.829239122634966	22.667256679503435	0.0
71.0	23.851705631978287	26.475849731663686	27.33575966936031	22.335451236814507	0.0012337301832089321
72.0	23.751638812163485	26.80778483510049	26.685589908735665	22.754986444000355	0.0
73.0	23.599659172838695	26.842760700006558	26.640886150619387	22.91669397653536	0.0
74.0	23.519234408369606	26.55510799924306	27.3674677624287	22.55818982995864	0.0
75.0	23.734464143731955	26.52010768737184	27.006932723290884	22.738495445605324	0.0
76.0	23.67920997322431	26.900929951343105	26.955632971525638	22.464227103906946	0.0
77.0	23.528713106479007	26.835025832887936	27.275966506324608	22.360294554308453	0.0
78.0	23.892100192678228	26.623237605896566	26.722635104137993	22.762027097287213	0.0
79.0	23.67855675966004	26.8822470064137	26.95175507882847	22.48586142617927	0.0015797289185175824
80.0	23.40605942014806	26.721129700290252	27.536444574894826	22.336366304666864	0.0
81.0	23.667872465718855	26.85118196348953	26.793976613106757	22.686968957684865	0.0
82.0	23.697884986357554	26.88170174310492	26.930362697902368	22.486574790149632	0.0034757824855320557
83.0	23.76788124156545	26.76203328834908	27.195681511470987	22.274403958614485	0.0
84.0	23.7050272674819	26.796582723770175	26.904535894429245	22.593854114318685	0.0
85.0	23.89844895439463	27.071919129562467	26.824986495871595	22.20464542017131	0.0
86.0	24.083748753738785	26.285144566301096	27.499501495513464	22.13160518444666	0.0
87.0	24.194479970295806	26.60794587235447	26.67808077891002	22.519493378439705	0.0
88.0	23.859724152678286	26.81492569229124	26.879076232224953	22.446273922805517	0.0
89.0	23.76475295059012	26.638661065546444	27.21655442199551	22.377808895112356	0.002222666755573337
90.0	24.12199630314233	26.21765249537893	27.051756007393717	22.608595194085026	0.0
91.0	23.822787849681834	26.958818585664545	26.872373634289833	22.343618681714492	0.002401248649297635
92.0	23.966406658858126	26.550701522665538	27.58990206095646	21.892989757519874	0.0
93.0	24.508685506870627	26.305418719211822	26.808400311122632	22.37749546279492	0.0
94.0	23.776091593983743	26.80852212891205	26.88413037021035	22.53125590689385	0.0
95.0	24.264167932916877	26.926107265462324	27.137148967302604	21.672575834318195	0.0
96.0	24.333695747994476	26.34362786870794	27.040051717551645	22.28262466574594	0.0
97.0	23.71914763145792	26.978384179058718	27.232868312126325	22.069599877357042	0.0
98.0	24.27819838316438	26.51417939176184	27.0884126780444	22.119209547029385	0.0
99.0	24.09832222631526	26.375540002009313	27.068751883727938	22.45738588794749	0.0
100.0	23.591129202049267	27.254544178538847	27.100147378763424	22.054179240648466	0.0
101.0	24.31207868272737	26.389656315614985	27.454230670055622	21.844034331602018	0.0
102.0	24.284941249226964	26.55380333951762	27.17996289424861	21.981292517006803	0.0
103.0	24.111685457283567	26.631120517725588	27.164312751841752	22.09288127314909	0.0
104.0	24.55967430897793	26.552389115063207	27.289479322905507	21.59845725305335	0.0
105.0	24.623160935102444	26.22077804856034	27.20913439841141	21.946926617925804	0.0
106.0	24.103149681225617	26.696165191740413	26.895993909981918	22.299933390427253	0.004757826624797793
107.0	24.517490952955367	26.43244873341375	26.89987937273824	22.150180940892643	0.0
108.0	24.6412376633769	26.369698586289676	26.599093091491067	22.38997065884236	0.0
109.0	24.232798230188894	26.399682341596233	26.677633444891942	22.68988598332293	0.0
110.0	24.11821355483327	26.285060792103042	27.434693631876733	22.16203202118695	0.0
111.0	25.38757206918642	26.489429852658553	26.880204996796923	21.242793081358105	0.0
112.0	24.245328222328702	26.962831131494287	27.65418577589157	21.13765487028544	0.0
113.0	24.72289510386846	27.167290611465905	26.616751082727742	21.493063201937897	0.0
114.0	26.187470411866816	25.635158592393875	26.57408868549787	21.60328231024144	0.0
115.0	25.145498117083193	25.761725436494352	26.925710373159877	22.167066073262582	0.0
116.0	26.085339778748722	25.62052616900623	26.21548758947662	22.078646462768432	0.0
117.0	24.931283721877225	26.081645118599205	26.570294207472262	22.416776952051308	0.0
118.0	25.174667568176694	25.400045075501467	27.48478701825558	21.94050033806626	0.0
119.0	25.641344956413448	25.23038605230386	27.023661270236616	22.104607721046076	0.0
120.0	26.415880066629647	24.88895058300944	27.012770682953914	21.682398667406996	0.0
121.0	26.578699340245056	25.243480992774114	26.924285265472825	21.253534401508013	0.0
122.0	27.94465683597306	25.92390314946295	25.6872383032951	20.44420171126889	0.0
123.0	28.97739504843918	24.693218514531754	23.832077502691064	22.497308934337997	0.0
124.0	29.345843106593694	24.811050299713315	24.967422465467813	20.875684128225174	0.0
125.0	31.036745406824146	22.736220472440944	26.213910761154857	20.01312335958005	0.0
126.0	31.810115350488022	21.960958296362023	24.267968056787932	21.960958296362023	0.0
127.0	34.37288135593221	25.016949152542374	24.881355932203387	15.728813559322033	0.0
128.0	35.67493112947658	19.146005509641874	27.823691460055095	17.355371900826448	0.0
129.0	13.333333333333334	46.666666666666664	26.666666666666668	13.333333333333334	0.0
130.0	20.0	20.0	40.0	20.0	0.0
131.0	14.285714285714285	35.714285714285715	42.857142857142854	7.142857142857142	0.0
132.0	8.333333333333332	41.66666666666667	16.666666666666664	33.33333333333333	0.0
133.0	11.11111111111111	33.33333333333333	22.22222222222222	33.33333333333333	0.0
134.0	57.14285714285714	0.0	28.57142857142857	14.285714285714285	0.0
135.0	20.0	0.0	20.0	60.0	0.0
136.0	0.0	66.66666666666666	33.33333333333333	0.0	0.0
137.0	100.0	0.0	0.0	0.0	0.0
138.0	50.0	50.0	0.0	0.0	0.0
139.0	0.0	100.0	0.0	0.0	0.0
140.0	100.0	0.0	0.0	0.0	0.0
