# Position (bp)	A	C	G	T	N
0.0	19.632415549910437	22.685726601115753	17.71994474220685	39.961913106766964	0.0
1.0	18.39582810727926	24.950801485318173	24.10497567455845	32.548394732844116	0.0
2.0	22.278359366443258	25.701233407646352	30.004204397304946	22.016202828605447	0.0
3.0	24.24559333232051	27.341301667273182	24.99779180813816	23.415313192268147	0.0
4.0	22.220063101290645	28.38886788653074	26.503602002565035	22.887467009613584	0.0
5.0	22.435935937704258	27.873387578302484	27.49393188876366	22.195331352438018	0.0014132427915784862
6.0	23.44675784438077	27.144154297847983	26.536813208167132	22.872274649604115	0.0
7.0	22.099584153308577	28.56128350710331	27.026148524751182	22.31298381483693	0.0
8.0	22.346195020439026	27.71687093913517	27.920377901122468	22.016556139303344	0.0
9.0	23.122065313015614	27.38157908683317	26.49335599232609	23.002999607825124	0.0
10.0	22.146574476128563	28.421019160039148	26.894363634436484	22.538042729395805	0.0
11.0	22.30980401855588	27.80131219593198	27.81897773082671	22.069552743987536	3.5331069789462156E-4
12.0	23.06058925158195	27.44658825524578	26.456611679745052	23.036210813427218	0.0
13.0	22.155053932878033	28.323505407420228	26.757985705049165	22.763454954652573	0.0
14.0	22.45607464748425	27.730296745655163	27.684013044230966	22.12961556262962	0.0
15.0	23.110759370682985	27.24767433233111	26.75162611248706	22.889940184498847	0.0
16.0	22.096404357027527	28.356363302324432	26.9067295088628	22.640502831785245	0.0
17.0	22.546875496843167	27.605931379996257	27.758914912184622	22.08827821097595	0.0
18.0	23.111819302776667	27.126135452255358	26.79402339623441	22.968021848733557	0.0
19.0	22.41403067443479	28.12671134869293	26.98763765868067	22.471620318191615	0.0
20.0	22.60941149037052	27.39465158265527	27.98185396255613	22.01408296441808	0.0
21.0	23.061295872977738	27.360733755657385	26.63114716450499	22.946469896161986	3.5331069789462156E-4
22.0	22.337362252991657	27.82675056618039	27.03992764196907	22.795959538858877	0.0
23.0	22.811505209566242	27.46602034362998	27.870561092719328	21.85191335408445	0.0
24.0	23.29942728335871	27.094337489444843	26.726894363634436	22.87934086356201	0.0
25.0	22.44688856933899	27.86490812155301	27.061832905238536	22.62637040386946	0.0
26.0	22.63873627829577	27.1169493741101	27.92532425089299	22.31899009670114	0.0
27.0	23.16092948978402	27.126135452255358	26.60323561937132	23.109699438589303	0.0
28.0	22.383292643717958	27.778700311266725	26.951953278193308	22.886053766822005	0.0
29.0	22.872981270999905	27.202450563000596	27.786826457318302	22.137741708681197	0.0
30.0	23.30334112918349	26.911251145494624	26.729741109369527	23.05566661595236	0.0
31.0	22.555394051122065	27.702697911865847	26.88410678200447	22.857801255007622	0.0
32.0	22.806306690551338	27.253049560692656	27.757399982939518	22.183243765816485	0.0
33.0	23.206990224808024	26.84398907688249	26.737752490142814	23.211268208166672	0.0
34.0	22.629602717513862	27.45397729916635	26.997240248699768	22.919179734620023	0.0
35.0	22.691037549193833	27.242411379154046	27.839932081933362	22.22661898971876	0.0
36.0	23.13688027182822	26.86728110265568	26.866557385354135	23.129281240161966	0.0
37.0	22.530019995119588	27.697064832991586	27.026554538600777	22.74636063328805	0.0
38.0	22.93783984091226	26.969334517196593	27.73321983900438	22.35960580288677	0.0
39.0	23.422113712869454	26.768024266637074	26.761735656419933	23.04812636407354	0.0
40.0	22.820006642509824	27.53283004504219	26.846934929525958	22.800228382922032	0.0
41.0	23.048956002139988	26.926177935514012	27.823993489612768	22.200872572733232	0.0
42.0	23.455835878066054	26.707509309533418	26.884942543615832	22.951712268784696	0.0
43.0	22.660610893457687	27.542211281766804	27.014064648846052	22.783113175929458	0.0
44.0	22.95863993910175	27.04623972830012	27.820350164932755	22.174770167665372	0.0
45.0	23.361265999239638	26.664475351666457	26.944066024584973	23.030192624508935	0.0
46.0	22.64015092093143	27.51973999123114	27.249836086674957	22.59027300116248	0.0
47.0	22.920986230559407	26.959804029820837	28.040257313098348	22.078952426521408	0.0
48.0	23.27110460498135	26.731598581035275	27.07552701730455	22.921769796678824	0.0
49.0	22.573078616671747	27.683500999220946	27.193628696270704	22.549791687836603	0.0
50.0	22.97385818084657	26.936071918014843	27.918221701243738	22.171848199894846	0.0
51.0	23.44526162433519	26.719295782064563	27.117305295676747	22.718137297923505	0.0
52.0	22.606412716302827	27.66931887811009	27.335220741814148	22.38904766377294	0.0
53.0	22.987426258058044	27.19174272610396	27.969965260364905	21.85086575547309	0.0
54.0	23.441649342616234	26.914830782395978	27.072026193034105	22.57149368195369	0.0
55.0	22.797634865798567	27.41021601305949	27.25409058122319	22.538058539918758	0.0
56.0	23.022428100433608	27.00500614235701	28.045565121123396	21.92700063608598	0.0
57.0	23.491279748451415	26.821914133712177	27.08617923333317	22.600626884503235	0.0
58.0	22.75156760935124	27.50194520868402	27.26750306402152	22.478984117943217	0.0
59.0	23.086609256705778	27.070270832791323	27.925176262455448	21.917943648047455	0.0
60.0	23.221630261054873	26.83484283431007	27.309003729355354	22.634523175279703	0.0
61.0	22.80878016817735	27.49044446871246	27.41072403625642	22.290051326853774	0.0
62.0	23.21529546790583	26.928869355877165	28.127536881001035	21.728298295215968	0.0
63.0	23.34297753131494	27.015809595976993	27.205249199187133	22.435963673520938	0.0
64.0	22.72066568978809	27.43498755362534	27.530321487209363	22.31402526937721	0.0
65.0	22.94286024855973	27.16825488846214	28.10609080039132	21.78279406258681	0.0
66.0	23.22137262792929	26.93743615144104	27.171470142092062	22.6697210785376	0.0
67.0	22.708398247477092	27.784101386884057	27.535466968504185	21.972033397134663	0.0
68.0	23.01837527334443	27.098795652599627	28.1282026175789	21.754626456477038	0.0
69.0	23.26632121573701	26.869423570657673	27.369500660289454	22.49475455331586	0.0
70.0	22.85515588850942	27.553156329183654	27.424396827145532	22.1672909551614	0.0
71.0	22.820959585228	27.149292422761462	28.311588967744676	21.718159024265862	0.0
72.0	22.928549055600474	27.162867944319398	27.505954852385216	22.40262814769491	0.0
73.0	22.640123521563808	27.709904210826124	27.58998036246983	22.059991905140237	0.0
74.0	23.08558124474802	27.236283179018294	28.08353827295645	21.594597303277236	0.0
75.0	23.315869153396797	27.113337507827172	27.401060532802802	22.169732805973226	0.0
76.0	23.002709850142022	27.41111365046198	27.700871722877014	21.885304776518986	0.0
77.0	23.144669944115297	27.210386991050044	28.147401151308877	21.49754191352578	0.0
78.0	23.148268313996244	27.128161202965885	27.40415812287487	22.319412360163003	0.0
79.0	22.631119348457577	27.76451089765295	27.552438828791903	22.051930925097572	0.0
80.0	22.816689177393716	27.238898536343335	28.349734005898732	21.594678280364217	0.0
81.0	23.312041637094865	26.757511237284128	27.776673763898746	22.153773361722262	0.0
82.0	22.655990949696697	27.504925003413366	27.827732157834166	22.011351889055764	0.0
83.0	23.03997583324942	27.23492095458665	27.9357567213775	21.789346490786425	0.0
84.0	23.24446659191894	27.147958971803497	27.31510319338898	22.292471242888585	0.0
85.0	22.71996225848648	27.8257886046362	27.604914974374374	21.84933416250295	0.0
86.0	23.007683620823276	27.331104271384604	28.26664599986714	21.394566107924977	0.0
87.0	23.179868458678868	27.092936802973977	27.86045181584215	21.866742922505004	0.0
88.0	22.963121021373446	27.53654112877414	27.620707232357717	21.878445179416055	0.0011854380786419621
89.0	23.42558130965103	26.950903440566996	28.03306678458685	21.590448465195124	0.0
90.0	23.270160264563724	26.779445433731873	27.72831340625795	22.22208089544645	0.0
91.0	22.87025074485195	27.766498800326943	27.533155799298655	21.83009465552245	0.0
92.0	22.889092675983083	27.05136803492972	28.411875008554492	21.647664280532705	0.0
93.0	23.311401327289005	26.89110261620884	27.655643820432292	22.141852236069862	0.0
94.0	22.991837217555897	27.598189991718918	27.805217082692536	21.604755708032652	0.0
95.0	22.97050097612716	27.416106866708684	28.344580572763746	21.268811584400414	0.0
96.0	23.299401389289027	27.284804251096382	27.604916930759625	21.81087742885496	0.0
97.0	23.15735058697972	27.416288687299893	27.738127001067237	21.68823372465315	0.0
98.0	23.156852183280915	27.24539973241125	28.38178311410749	21.215964970200343	0.0
99.0	23.873351688161137	26.849369656571508	27.485147080133316	21.79213157513404	0.0
100.0	22.708959881972422	27.513287559817662	27.999394730371296	21.776466360248918	0.0018914675897028503
101.0	23.220194574887554	27.157264855653967	28.361964770453152	21.26057579900533	0.0
102.0	23.425718783660617	27.027922777363493	27.649349573286937	21.897008865688957	0.0
103.0	22.849064810787297	27.377120487168334	28.19921705089169	21.574597651152676	0.0
104.0	23.366771016612205	27.038822749811487	28.245321390215476	21.34908484336083	0.0
105.0	23.590964855307785	26.89615356859349	27.75733083158933	21.755550744509396	0.0
106.0	23.231786067006002	27.22783559978728	27.969814378687737	21.570563954518978	0.0
107.0	23.69306349121589	26.9423826560581	28.3654616329364	20.99909221978961	0.0
108.0	23.86379665415973	27.24631139447626	27.384545941828648	21.505346009535362	0.0
109.0	23.292752235948672	27.295025575065058	27.90822888935419	21.50399329963208	0.0
110.0	23.80333068992863	27.32434575733545	27.81919111816019	21.053132434575733	0.0
111.0	23.579737589611796	26.978222643040716	27.67482753956445	21.76721222778304	0.0
112.0	23.51329921430116	27.36250270309234	27.921141786203417	21.203056296403087	0.0
113.0	24.355367122759684	26.340335324725377	27.989978801310468	21.31431875120447	0.0
114.0	23.985531348744388	26.517545318476632	27.15782471312157	22.339098619657406	0.0
115.0	23.8591740013541	27.167682238772283	27.98916723087339	20.983976529000227	0.0
116.0	23.84750905353822	26.734853675247138	28.310658706078108	21.106978565136536	0.0
117.0	24.075158354181085	26.800447117687764	27.460477990099534	21.663916538031618	0.0
118.0	23.972602739726025	26.80599461421379	27.91242243297038	21.3089802130898	0.0
119.0	24.844277186607837	26.933558266286013	27.407215157020502	20.814949390085648	0.0
120.0	26.141560798548095	25.618874773139744	27.491833030852998	20.747731397459166	0.0
121.0	25.141683778234086	26.595482546201232	27.326488706365502	20.936344969199176	0.0
122.0	25.686515051429648	26.733981315466643	26.97933377370954	20.600169859394168	0.0
123.0	26.415514935354434	26.06999554168524	26.5715559518502	20.94293357111012	0.0
124.0	27.461069735951256	26.134055517941775	26.377792823290452	20.02708192281652	0.0
125.0	29.497623896809234	25.15274949083503	26.39171758316361	18.957909029192123	0.0
126.0	32.02081918986196	24.03258655804481	24.258882100022632	19.687712152070606	0.0
127.0	33.28767123287671	24.34931506849315	25.47945205479452	16.883561643835616	0.0
128.0	37.44321868916288	19.857235561323815	24.983776768332252	17.71576898118105	0.0
129.0	17.424242424242426	27.27272727272727	28.78787878787879	26.515151515151516	0.0
130.0	30.17241379310345	26.72413793103448	25.0	18.103448275862068	0.0
131.0	20.952380952380953	25.71428571428571	27.61904761904762	25.71428571428571	0.0
132.0	16.666666666666664	30.208333333333332	25.0	28.125	0.0
133.0	26.506024096385545	22.89156626506024	27.710843373493976	22.89156626506024	0.0
134.0	30.434782608695656	24.637681159420293	23.18840579710145	21.73913043478261	0.0
135.0	28.333333333333332	18.333333333333332	26.666666666666668	26.666666666666668	0.0
136.0	24.528301886792452	22.641509433962266	35.84905660377358	16.9811320754717	0.0
137.0	34.78260869565217	17.391304347826086	19.565217391304348	28.26086956521739	0.0
138.0	11.76470588235294	32.35294117647059	32.35294117647059	23.52941176470588	0.0
139.0	20.0	10.0	50.0	20.0	0.0
140.0	33.33333333333333	33.33333333333333	11.11111111111111	22.22222222222222	0.0
