# Position (bp)	A	C	G	T	N
0.0	30.952380952380953	14.285714285714285	22.61904761904762	32.142857142857146	0.0
1.0	27.380952380952383	13.095238095238097	19.047619047619047	40.476190476190474	0.0
2.0	30.952380952380953	11.904761904761903	28.57142857142857	28.57142857142857	0.0
3.0	23.809523809523807	29.761904761904763	16.666666666666664	29.761904761904763	0.0
4.0	36.904761904761905	21.428571428571427	15.476190476190476	26.190476190476193	0.0
5.0	25.0	21.428571428571427	23.809523809523807	29.761904761904763	0.0
6.0	34.523809523809526	19.047619047619047	17.857142857142858	28.57142857142857	0.0
7.0	28.57142857142857	25.0	25.0	21.428571428571427	0.0
8.0	21.428571428571427	19.047619047619047	19.047619047619047	40.476190476190474	0.0
9.0	23.809523809523807	25.0	20.238095238095237	30.952380952380953	0.0
10.0	33.33333333333333	21.428571428571427	16.666666666666664	28.57142857142857	0.0
11.0	26.190476190476193	26.190476190476193	20.238095238095237	27.380952380952383	0.0
12.0	27.380952380952383	25.0	20.238095238095237	27.380952380952383	0.0
13.0	20.238095238095237	26.190476190476193	25.0	28.57142857142857	0.0
14.0	26.190476190476193	19.047619047619047	17.857142857142858	36.904761904761905	0.0
15.0	17.857142857142858	25.0	22.61904761904762	34.523809523809526	0.0
16.0	25.0	21.428571428571427	30.952380952380953	22.61904761904762	0.0
17.0	26.190476190476193	15.476190476190476	27.380952380952383	30.952380952380953	0.0
18.0	30.952380952380953	21.428571428571427	19.047619047619047	28.57142857142857	0.0
19.0	21.428571428571427	16.666666666666664	33.33333333333333	28.57142857142857	0.0
20.0	20.238095238095237	22.61904761904762	21.428571428571427	35.714285714285715	0.0
21.0	33.33333333333333	20.238095238095237	22.61904761904762	23.809523809523807	0.0
22.0	28.57142857142857	19.047619047619047	26.190476190476193	26.190476190476193	0.0
23.0	32.142857142857146	11.904761904761903	21.428571428571427	34.523809523809526	0.0
24.0	26.190476190476193	22.61904761904762	25.0	26.190476190476193	0.0
25.0	25.0	26.190476190476193	20.238095238095237	28.57142857142857	0.0
26.0	25.0	23.809523809523807	19.047619047619047	32.142857142857146	0.0
27.0	20.238095238095237	22.61904761904762	23.809523809523807	33.33333333333333	0.0
28.0	28.57142857142857	20.238095238095237	28.57142857142857	22.61904761904762	0.0
29.0	27.380952380952383	20.238095238095237	23.809523809523807	28.57142857142857	0.0
30.0	33.734939759036145	16.867469879518072	18.072289156626507	31.32530120481928	0.0
31.0	18.072289156626507	30.120481927710845	27.710843373493976	24.096385542168676	0.0
32.0	26.82926829268293	19.51219512195122	23.170731707317074	30.48780487804878	0.0
33.0	27.160493827160494	23.456790123456788	22.22222222222222	27.160493827160494	0.0
34.0	22.22222222222222	22.22222222222222	19.753086419753085	35.80246913580247	0.0
35.0	28.749999999999996	22.5	23.75	25.0	0.0
36.0	30.37974683544304	20.253164556962027	16.455696202531644	32.91139240506329	0.0
37.0	23.376623376623375	23.376623376623375	25.97402597402597	27.27272727272727	0.0
38.0	20.0	18.666666666666668	30.666666666666664	30.666666666666664	0.0
39.0	22.666666666666664	24.0	24.0	29.333333333333332	0.0
40.0	38.35616438356164	15.068493150684931	30.136986301369863	16.43835616438356	0.0
41.0	27.397260273972602	23.28767123287671	20.54794520547945	28.767123287671232	0.0
42.0	42.42424242424242	13.636363636363635	13.636363636363635	30.303030303030305	0.0
43.0	28.125	14.0625	20.3125	37.5	0.0
44.0	33.87096774193548	17.741935483870968	22.58064516129032	25.806451612903224	0.0
45.0	30.0	28.333333333333332	20.0	21.666666666666668	0.0
46.0	24.561403508771928	21.052631578947366	19.298245614035086	35.08771929824561	0.0
47.0	30.909090909090907	25.454545454545453	16.363636363636363	27.27272727272727	0.0
48.0	24.0	22.0	28.000000000000004	26.0	0.0
49.0	28.26086956521739	8.695652173913043	28.26086956521739	34.78260869565217	0.0
50.0	34.090909090909086	20.454545454545457	15.909090909090908	29.545454545454547	0.0
51.0	19.047619047619047	23.809523809523807	19.047619047619047	38.095238095238095	0.0
52.0	14.634146341463413	26.82926829268293	24.390243902439025	34.146341463414636	0.0
53.0	27.027027027027028	16.216216216216218	21.62162162162162	35.13513513513514	0.0
54.0	25.71428571428571	28.57142857142857	17.142857142857142	28.57142857142857	0.0
55.0	36.36363636363637	21.21212121212121	0.0	42.42424242424242	0.0
56.0	21.21212121212121	24.242424242424242	21.21212121212121	33.33333333333333	0.0
57.0	25.0	28.125	21.875	25.0	0.0
58.0	29.03225806451613	19.35483870967742	25.806451612903224	25.806451612903224	0.0
59.0	33.33333333333333	16.666666666666664	23.333333333333332	26.666666666666668	0.0
60.0	10.714285714285714	39.285714285714285	21.428571428571427	28.57142857142857	0.0
61.0	21.428571428571427	25.0	32.142857142857146	21.428571428571427	0.0
62.0	25.925925925925924	22.22222222222222	22.22222222222222	29.629629629629626	0.0
63.0	30.76923076923077	30.76923076923077	19.230769230769234	19.230769230769234	0.0
64.0	42.30769230769231	19.230769230769234	7.6923076923076925	30.76923076923077	0.0
65.0	36.0	20.0	16.0	28.000000000000004	0.0
66.0	38.095238095238095	14.285714285714285	14.285714285714285	33.33333333333333	0.0
67.0	35.0	10.0	15.0	40.0	0.0
68.0	27.77777777777778	27.77777777777778	33.33333333333333	11.11111111111111	0.0
69.0	37.5	12.5	18.75	31.25	0.0
70.0	18.75	31.25	37.5	12.5	0.0
71.0	33.33333333333333	26.666666666666668	13.333333333333334	26.666666666666668	0.0
72.0	6.666666666666667	20.0	26.666666666666668	46.666666666666664	0.0
73.0	33.33333333333333	13.333333333333334	13.333333333333334	40.0	0.0
74.0	14.285714285714285	21.428571428571427	35.714285714285715	28.57142857142857	0.0
75.0	28.57142857142857	35.714285714285715	14.285714285714285	21.428571428571427	0.0
76.0	25.0	16.666666666666664	16.666666666666664	41.66666666666667	0.0
77.0	41.66666666666667	8.333333333333332	8.333333333333332	41.66666666666667	0.0
78.0	25.0	16.666666666666664	25.0	33.33333333333333	0.0
79.0	16.666666666666664	25.0	50.0	8.333333333333332	0.0
80.0	25.0	33.33333333333333	8.333333333333332	33.33333333333333	0.0
81.0	20.0	20.0	20.0	40.0	0.0
82.0	40.0	40.0	10.0	10.0	0.0
83.0	30.0	20.0	10.0	40.0	0.0
84.0	40.0	0.0	30.0	30.0	0.0
85.0	0.0	10.0	70.0	20.0	0.0
86.0	10.0	20.0	40.0	30.0	0.0
87.0	0.0	77.77777777777779	11.11111111111111	11.11111111111111	0.0
88.0	25.0	50.0	0.0	25.0	0.0
89.0	12.5	37.5	37.5	12.5	0.0
90.0	37.5	37.5	0.0	25.0	0.0
91.0	0.0	12.5	25.0	62.5	0.0
92.0	28.57142857142857	28.57142857142857	14.285714285714285	28.57142857142857	0.0
93.0	57.14285714285714	28.57142857142857	0.0	14.285714285714285	0.0
94.0	28.57142857142857	28.57142857142857	28.57142857142857	14.285714285714285	0.0
95.0	71.42857142857143	28.57142857142857	0.0	0.0	0.0
96.0	28.57142857142857	28.57142857142857	0.0	42.857142857142854	0.0
97.0	16.666666666666664	33.33333333333333	16.666666666666664	33.33333333333333	0.0
98.0	20.0	20.0	20.0	40.0	0.0
99.0	20.0	20.0	20.0	40.0	0.0
100.0	60.0	0.0	20.0	20.0	0.0
101.0	40.0	0.0	40.0	20.0	0.0
102.0	20.0	20.0	0.0	60.0	0.0
103.0	0.0	25.0	25.0	50.0	0.0
104.0	25.0	50.0	25.0	0.0	0.0
105.0	33.33333333333333	0.0	0.0	66.66666666666666	0.0
106.0	33.33333333333333	0.0	33.33333333333333	33.33333333333333	0.0
107.0	0.0	0.0	66.66666666666666	33.33333333333333	0.0
108.0	33.33333333333333	33.33333333333333	0.0	33.33333333333333	0.0
109.0	33.33333333333333	33.33333333333333	33.33333333333333	0.0	0.0
110.0	66.66666666666666	0.0	0.0	33.33333333333333	0.0
111.0	33.33333333333333	33.33333333333333	33.33333333333333	0.0	0.0
112.0	33.33333333333333	0.0	33.33333333333333	33.33333333333333	0.0
113.0	33.33333333333333	33.33333333333333	33.33333333333333	0.0	0.0
114.0	0.0	0.0	0.0	100.0	0.0
115.0	0.0	0.0	100.0	0.0	0.0
116.0	50.0	0.0	0.0	50.0	0.0
117.0	100.0	0.0	0.0	0.0	0.0
118.0	0.0	50.0	50.0	0.0	0.0
119.0	50.0	0.0	0.0	50.0	0.0
120.0	0.0	50.0	50.0	0.0	0.0
121.0	50.0	0.0	50.0	0.0	0.0
122.0	0.0	50.0	50.0	0.0	0.0
123.0	50.0	0.0	0.0	50.0	0.0
124.0	50.0	0.0	50.0	0.0	0.0
125.0	50.0	0.0	0.0	50.0	0.0
