# Position (bp)	A	C	G	T	N
0.0	22.41555783009212	16.274309109518935	20.573183213920164	40.73694984646878	0.0
1.0	25.895598771750254	18.014329580348004	19.549641760491298	36.54042988741044	0.0
2.0	28.629856850715747	19.120654396728014	19.734151329243353	32.515337423312886	0.0
3.0	27.607361963190186	17.893660531697343	20.040899795501023	34.45807770961145	0.0
4.0	26.58486707566462	19.529652351738243	20.858895705521473	33.02658486707566	0.0
5.0	28.323108384458077	20.552147239263803	23.006134969325153	28.118609406952967	0.0
6.0	24.74437627811861	21.063394683026583	21.472392638036812	32.719836400818	0.0
7.0	25.664621676891613	20.858895705521473	20.245398773006134	33.23108384458078	0.0
8.0	27.914110429447852	20.040899795501023	22.903885480572598	29.141104294478527	0.0
9.0	26.68711656441718	19.836400817995912	22.392638036809817	31.083844580777097	0.0
10.0	27.607361963190186	18.200408997955012	21.779141104294478	32.41308793456032	0.0
11.0	29.550102249488752	18.098159509202453	25.357873210633947	26.993865030674847	0.0
12.0	29.141104294478527	20.654396728016362	21.881390593047033	28.323108384458077	0.0
13.0	25.664621676891613	22.085889570552148	20.552147239263803	31.697341513292432	0.0
14.0	26.58486707566462	22.188139059304703	22.188139059304703	29.038854805725972	0.0
15.0	27.505112474437627	18.813905930470348	22.801635991820042	30.879345603271986	0.0
16.0	28.425357873210633	20.756646216768917	22.699386503067483	28.118609406952967	0.0
17.0	28.425357873210633	21.881390593047033	21.370143149284253	28.323108384458077	0.0
18.0	27.198364008179958	20.961145194274028	21.267893660531698	30.572597137014313	0.0
19.0	27.300613496932513	21.983640081799592	22.801635991820042	27.914110429447852	0.0
20.0	26.482617586912067	21.983640081799592	24.028629856850717	27.505112474437627	0.0
21.0	26.58486707566462	21.472392638036812	21.165644171779142	30.777096114519427	0.0
22.0	27.505112474437627	22.085889570552148	21.472392638036812	28.936605316973413	0.0
23.0	26.68711656441718	23.006134969325153	20.552147239263803	29.754601226993866	0.0
24.0	29.345603271983638	19.836400817995912	23.210633946830267	27.607361963190186	0.0
25.0	25.357873210633947	22.801635991820042	23.108384458077712	28.732106339468306	0.0
26.0	30.572597137014313	20.449897750511248	20.040899795501023	28.936605316973413	0.0
27.0	25.153374233128833	24.233128834355828	19.631901840490798	30.981595092024538	0.0
28.0	27.096114519427406	21.779141104294478	21.165644171779142	29.959100204498977	0.0
29.0	25.562372188139058	22.903885480572598	22.597137014314928	28.936605316973413	0.0
30.0	27.840327533265096	20.470829068577277	21.903787103377688	29.785056294779938	0.0
31.0	26.946721311475407	22.848360655737704	20.38934426229508	29.815573770491806	0.0
32.0	26.639344262295083	22.028688524590166	22.64344262295082	28.688524590163933	0.0
33.0	26.434426229508194	19.15983606557377	22.64344262295082	31.762295081967213	0.0
34.0	25.743589743589745	21.23076923076923	21.333333333333336	31.692307692307693	0.0
35.0	28.08641975308642	23.14814814814815	21.193415637860085	27.572016460905353	0.0
36.0	29.296066252587995	20.70393374741201	22.36024844720497	27.639751552795033	0.0
37.0	28.037383177570092	23.364485981308412	19.106957424714434	29.49117341640706	0.0
38.0	28.779979144942647	19.499478623566215	23.56621480709072	28.154327424400417	0.0
39.0	30.115424973767052	23.189926547743966	19.097586568730325	27.597061909758658	0.0
40.0	27.42616033755274	21.62447257383966	20.253164556962027	30.69620253164557	0.0
41.0	28.905419766206165	20.085015940488844	22.848034006376196	28.161530286928798	0.0
42.0	28.724544480171488	20.685959271168276	21.972132904608788	28.617363344051448	0.0
43.0	30.345572354211665	20.84233261339093	20.086393088552914	28.725701943844495	0.0
44.0	29.10284463894967	23.194748358862142	21.334792122538293	26.367614879649892	0.0
45.0	28.634850166481684	22.641509433962266	22.530521642619313	26.19311875693674	0.0
46.0	29.166666666666668	25.563063063063062	19.48198198198198	25.788288288288285	0.0
47.0	29.304446978335235	21.892816419612316	20.410490307867732	28.39224629418472	0.0
48.0	27.630057803468205	21.84971098265896	21.38728323699422	29.132947976878615	0.0
49.0	34.5475910693302	18.683901292596943	20.79905992949471	25.96944770857814	0.0
50.0	31.19047619047619	21.428571428571427	21.428571428571427	25.952380952380956	0.0
51.0	26.265060240963855	22.40963855421687	22.771084337349397	28.55421686746988	0.0
52.0	27.450980392156865	22.426470588235293	22.916666666666664	27.205882352941174	0.0
53.0	29.726368159203982	20.522388059701495	21.393034825870647	28.35820895522388	0.0
54.0	28.589580686149933	21.47395171537484	22.36340533672173	27.573062261753496	0.0
55.0	31.35483870967742	19.225806451612904	19.225806451612904	30.193548387096776	0.0
56.0	29.411764705882355	22.091503267973856	22.875816993464053	25.620915032679736	0.0
57.0	30.22636484687084	22.503328894806923	19.573901464713714	27.69640479360852	0.0
58.0	32.928475033738195	18.75843454790823	21.592442645074225	26.720647773279353	0.0
59.0	29.508196721311474	21.44808743169399	22.6775956284153	26.366120218579237	0.0
60.0	30.52486187845304	22.099447513812155	20.441988950276244	26.933701657458563	0.0
61.0	27.144866385372712	23.769338959212376	20.675105485232066	28.41068917018284	0.0
62.0	26.533523537803138	23.680456490727533	22.68188302425107	27.10413694721826	0.0
63.0	31.93033381712627	20.754716981132077	19.3033381712627	28.011611030478957	0.0
64.0	29.821958456973295	19.881305637982198	24.92581602373887	25.370919881305635	0.0
65.0	29.909365558912388	22.9607250755287	22.20543806646526	24.924471299093657	0.0
66.0	31.375579598145286	21.174652241112828	18.547140649149924	28.90262751159196	0.0
67.0	29.04761904761905	24.761904761904763	19.682539682539684	26.50793650793651	0.0
68.0	33.33333333333333	19.25566343042071	21.35922330097087	26.051779935275082	0.0
69.0	27.500000000000004	19.833333333333332	25.833333333333336	26.833333333333332	0.0
70.0	29.553264604810998	22.164948453608247	20.103092783505154	28.1786941580756	0.0
71.0	28.69718309859155	24.119718309859156	18.133802816901408	29.049295774647888	0.0
72.0	28.51985559566787	22.92418772563177	19.67509025270758	28.880866425992778	0.0
73.0	27.808471454880294	21.731123388581953	19.521178637200737	30.939226519337016	0.0
74.0	35.94646271510516	23.518164435946463	17.78202676864245	22.753346080305928	0.0
75.0	29.92125984251969	22.63779527559055	19.291338582677163	28.1496062992126	0.0
76.0	26.452905811623246	21.64328657314629	22.44488977955912	29.458917835671343	0.0
77.0	29.045643153526974	21.16182572614108	21.78423236514523	28.008298755186722	0.0
78.0	29.03225806451613	21.935483870967744	20.43010752688172	28.602150537634408	0.0
79.0	29.777777777777775	21.11111111111111	18.22222222222222	30.88888888888889	0.0
80.0	33.723653395784545	19.437939110070257	19.437939110070257	27.400468384074944	0.0
81.0	28.365384615384613	23.076923076923077	20.673076923076923	27.884615384615387	0.0
82.0	29.876543209876544	25.679012345679013	20.0	24.444444444444443	0.0
83.0	30.65326633165829	21.85929648241206	19.09547738693467	28.391959798994975	0.0
84.0	31.007751937984494	19.638242894056848	19.12144702842377	30.23255813953488	0.0
85.0	29.47368421052631	22.63157894736842	19.736842105263158	28.157894736842103	0.0
86.0	31.550802139037433	22.727272727272727	19.518716577540108	26.203208556149733	0.0
87.0	31.68044077134986	22.31404958677686	16.804407713498623	29.201101928374655	0.0
88.0	29.829545454545453	24.431818181818183	21.022727272727273	24.71590909090909	0.0
89.0	30.205278592375368	21.700879765395893	18.181818181818183	29.91202346041056	0.0
90.0	29.850746268656714	17.01492537313433	26.56716417910448	26.56716417910448	0.0
91.0	30.340557275541798	18.26625386996904	23.8390092879257	27.55417956656347	0.0
92.0	31.73076923076923	23.717948717948715	20.833333333333336	23.717948717948715	0.0
93.0	30.63973063973064	21.885521885521886	19.865319865319865	27.609427609427613	0.0
94.0	28.11387900355872	19.9288256227758	22.064056939501782	29.8932384341637	0.0
95.0	23.616236162361623	27.67527675276753	22.878228782287824	25.830258302583026	0.0
96.0	28.947368421052634	18.796992481203006	22.18045112781955	30.075187969924812	0.0
97.0	28.62595419847328	19.84732824427481	19.083969465648856	32.44274809160305	0.0
98.0	28.627450980392155	22.35294117647059	21.176470588235293	27.84313725490196	0.0
99.0	32.244897959183675	22.040816326530614	17.142857142857142	28.57142857142857	0.0
100.0	31.48936170212766	16.595744680851062	24.25531914893617	27.659574468085108	0.0
101.0	32.743362831858406	26.991150442477874	19.02654867256637	21.238938053097346	0.0
102.0	34.74178403755869	15.492957746478872	23.474178403755868	26.291079812206576	0.0
103.0	30.049261083743843	21.67487684729064	23.15270935960591	25.12315270935961	0.0
104.0	34.89583333333333	18.229166666666664	24.479166666666664	22.395833333333336	0.0
105.0	28.021978021978022	25.274725274725274	21.428571428571427	25.274725274725274	0.0
106.0	25.98870056497175	19.2090395480226	22.598870056497177	32.20338983050847	0.0
107.0	27.647058823529413	26.47058823529412	17.058823529411764	28.823529411764703	0.0
108.0	30.0	19.375	21.25	29.375	0.0
109.0	28.947368421052634	19.736842105263158	25.657894736842106	25.657894736842106	0.0
110.0	25.517241379310345	26.20689655172414	22.758620689655174	25.517241379310345	0.0
111.0	31.818181818181817	21.21212121212121	18.939393939393938	28.030303030303028	0.0
112.0	33.07086614173229	15.748031496062993	18.89763779527559	32.28346456692913	0.0
113.0	29.059829059829063	21.367521367521366	19.65811965811966	29.914529914529915	0.0
114.0	25.663716814159294	17.699115044247787	23.893805309734514	32.743362831858406	0.0
115.0	27.77777777777778	19.444444444444446	21.296296296296298	31.48148148148148	0.0
116.0	24.489795918367346	23.46938775510204	21.428571428571427	30.612244897959183	0.0
117.0	18.75	26.041666666666668	18.75	36.45833333333333	0.0
118.0	35.16483516483517	20.87912087912088	23.076923076923077	20.87912087912088	0.0
119.0	33.70786516853933	23.595505617977526	19.101123595505616	23.595505617977526	0.0
120.0	25.287356321839084	20.689655172413794	19.54022988505747	34.48275862068966	0.0
121.0	24.691358024691358	30.864197530864196	22.22222222222222	22.22222222222222	0.0
122.0	36.61971830985916	18.30985915492958	18.30985915492958	26.76056338028169	0.0
123.0	26.865671641791046	25.37313432835821	17.91044776119403	29.850746268656714	0.0
124.0	36.0655737704918	16.39344262295082	11.475409836065573	36.0655737704918	0.0
125.0	34.54545454545455	16.363636363636363	27.27272727272727	21.818181818181817	0.0
126.0	25.0	13.461538461538462	30.76923076923077	30.76923076923077	0.0
127.0	50.0	16.0	16.0	18.0	0.0
128.0	33.33333333333333	22.22222222222222	33.33333333333333	11.11111111111111	0.0
129.0	21.951219512195124	19.51219512195122	29.268292682926827	29.268292682926827	0.0
130.0	33.33333333333333	16.666666666666664	26.666666666666668	23.333333333333332	0.0
131.0	32.0	32.0	20.0	16.0	0.0
132.0	25.0	12.5	16.666666666666664	45.83333333333333	0.0
133.0	40.909090909090914	31.818181818181817	13.636363636363635	13.636363636363635	0.0
134.0	27.77777777777778	16.666666666666664	16.666666666666664	38.88888888888889	0.0
135.0	33.33333333333333	8.333333333333332	16.666666666666664	41.66666666666667	0.0
136.0	40.0	20.0	30.0	10.0	0.0
137.0	20.0	20.0	40.0	20.0	0.0
138.0	50.0	25.0	25.0	0.0	0.0
