# Position (bp)	A	C	G	T	N
0.0	20.382165605095544	19.53290870488323	20.382165605095544	39.70276008492569	0.0
1.0	22.505307855626327	18.471337579617835	16.348195329087048	42.675159235668794	0.0
2.0	26.11464968152866	23.35456475583864	17.62208067940552	32.90870488322717	0.0
3.0	30.78556263269639	21.231422505307858	16.13588110403397	31.84713375796178	0.0
4.0	27.60084925690021	21.443736730360936	17.8343949044586	33.12101910828025	0.0
5.0	26.326963906581742	22.29299363057325	21.86836518046709	29.511677282377917	0.0
6.0	25.902335456475583	21.019108280254777	20.59447983014862	32.48407643312102	0.0
7.0	25.265392781316347	20.59447983014862	21.443736730360936	32.696390658174096	0.0
8.0	28.874734607218684	21.656050955414013	18.683651804670912	30.78556263269639	0.0
9.0	25.690021231422506	18.895966029723994	21.231422505307858	34.182590233545646	0.0
10.0	26.53927813163482	22.29299363057325	22.080679405520172	29.087048832271762	0.0
11.0	27.60084925690021	19.957537154989385	20.382165605095544	32.05944798301486	0.0
12.0	26.326963906581742	18.683651804670912	23.142250530785564	31.84713375796178	0.0
13.0	29.29936305732484	21.656050955414013	19.53290870488323	29.511677282377917	0.0
14.0	29.087048832271762	22.29299363057325	22.505307855626327	26.11464968152866	0.0
15.0	30.36093418259023	20.382165605095544	18.895966029723994	30.36093418259023	0.0
16.0	30.148619957537154	21.86836518046709	18.046709129511676	29.936305732484076	0.0
17.0	28.02547770700637	19.957537154989385	24.628450106157114	27.388535031847134	0.0
18.0	28.02547770700637	22.29299363057325	22.080679405520172	27.60084925690021	0.0
19.0	23.7791932059448	23.142250530785564	23.35456475583864	29.723991507431	0.0
20.0	25.265392781316347	23.142250530785564	23.35456475583864	28.237791932059448	0.0
21.0	25.690021231422506	17.62208067940552	22.080679405520172	34.6072186836518	0.0
22.0	27.388535031847134	22.929936305732486	21.86836518046709	27.81316348195329	0.0
23.0	28.662420382165603	24.416135881104033	20.382165605095544	26.53927813163482	0.0
24.0	23.991507430997878	25.477707006369428	20.169851380042463	30.36093418259023	0.0
25.0	28.662420382165603	22.080679405520172	20.59447983014862	28.662420382165603	0.0
26.0	26.963906581740975	23.35456475583864	23.35456475583864	26.326963906581742	0.0
27.0	26.963906581740975	23.35456475583864	20.382165605095544	29.29936305732484	0.0
28.0	28.662420382165603	23.991507430997878	16.560509554140125	30.78556263269639	0.0
29.0	27.81316348195329	23.7791932059448	21.86836518046709	26.53927813163482	0.0
30.0	27.176220806794056	22.29299363057325	22.080679405520172	28.450106157112526	0.0
31.0	28.723404255319153	25.53191489361702	18.72340425531915	27.02127659574468	0.0
32.0	31.049250535331907	22.055674518201286	19.914346895074946	26.98072805139186	0.0
33.0	30.45356371490281	19.654427645788335	22.03023758099352	27.861771058315334	0.0
34.0	32.391304347826086	22.17391304347826	18.695652173913043	26.73913043478261	0.0
35.0	29.010989010989015	27.032967032967033	19.560439560439562	24.395604395604394	0.0
36.0	26.222222222222225	22.88888888888889	21.555555555555557	29.333333333333332	0.0
37.0	28.57142857142857	21.08843537414966	23.12925170068027	27.2108843537415	0.0
38.0	30.373831775700932	19.39252336448598	20.093457943925234	30.140186915887853	0.0
39.0	31.678486997635936	22.69503546099291	21.513002364066196	24.113475177304963	0.0
40.0	30.69544364508393	21.103117505995204	26.618705035971225	21.58273381294964	0.0
41.0	27.941176470588236	21.568627450980394	18.627450980392158	31.862745098039213	0.0
42.0	25.187032418952622	21.695760598503743	23.940149625935163	29.177057356608476	0.0
43.0	35.80562659846547	21.73913043478261	18.414322250639387	24.04092071611253	0.0
44.0	33.94255874673629	16.187989556135772	21.93211488250653	27.93733681462141	0.0
45.0	26.861702127659576	22.074468085106382	22.872340425531913	28.191489361702125	0.0
46.0	29.120879120879124	23.076923076923077	19.505494505494507	28.296703296703296	0.0
47.0	31.92090395480226	21.1864406779661	19.2090395480226	27.683615819209038	0.0
48.0	26.488095238095237	22.023809523809522	22.023809523809522	29.464285714285715	0.0
49.0	32.81733746130031	25.696594427244584	16.408668730650156	25.077399380804955	0.0
50.0	30.128205128205128	22.435897435897438	20.51282051282051	26.923076923076923	0.0
51.0	30.23255813953488	22.92358803986711	20.930232558139537	25.91362126245847	0.0
52.0	28.9198606271777	20.209059233449477	21.254355400696863	29.61672473867596	0.0
53.0	35.94306049822064	17.437722419928825	20.99644128113879	25.622775800711743	0.0
54.0	27.037037037037038	19.25925925925926	22.962962962962962	30.74074074074074	0.0
55.0	35.13513513513514	21.62162162162162	21.62162162162162	21.62162162162162	0.0
56.0	34.285714285714285	20.0	19.183673469387756	26.53061224489796	0.0
57.0	32.327586206896555	18.103448275862068	26.72413793103448	22.844827586206897	0.0
58.0	37.15596330275229	16.055045871559635	20.642201834862387	26.146788990825687	0.0
59.0	32.5242718446602	19.41747572815534	21.35922330097087	26.699029126213592	0.0
60.0	30.412371134020617	25.773195876288657	17.525773195876287	26.288659793814436	0.0
61.0	25.683060109289617	24.59016393442623	23.497267759562842	26.229508196721312	0.0
62.0	36.0	21.714285714285715	21.142857142857142	21.142857142857142	0.0
63.0	29.166666666666668	22.023809523809522	21.428571428571427	27.380952380952383	0.0
64.0	30.625000000000004	22.5	18.75	28.125	0.0
65.0	42.30769230769231	19.230769230769234	14.743589743589745	23.717948717948715	0.0
66.0	34.437086092715234	16.55629139072848	20.52980132450331	28.47682119205298	0.0
67.0	29.28571428571429	20.714285714285715	20.714285714285715	29.28571428571429	0.0
68.0	30.14705882352941	23.52941176470588	22.058823529411764	24.264705882352942	0.0
69.0	30.303030303030305	19.696969696969695	18.939393939393938	31.060606060606062	0.0
70.0	35.24590163934426	18.852459016393443	22.131147540983605	23.770491803278688	0.0
71.0	30.508474576271187	22.033898305084744	24.576271186440678	22.88135593220339	0.0
72.0	32.11009174311927	22.93577981651376	17.431192660550458	27.522935779816514	0.0
73.0	25.961538461538463	24.03846153846154	17.307692307692307	32.69230769230769	0.0
74.0	32.631578947368425	28.421052631578945	17.894736842105264	21.052631578947366	0.0
75.0	27.173913043478258	16.304347826086957	21.73913043478261	34.78260869565217	0.0
76.0	40.69767441860465	10.465116279069768	15.11627906976744	33.72093023255814	0.0
77.0	28.205128205128204	20.51282051282051	16.666666666666664	34.61538461538461	0.0
78.0	32.467532467532465	18.181818181818183	24.675324675324674	24.675324675324674	0.0
79.0	33.80281690140845	29.577464788732392	18.30985915492958	18.30985915492958	0.0
80.0	37.3134328358209	19.402985074626866	20.8955223880597	22.388059701492537	0.0
81.0	39.34426229508197	16.39344262295082	21.311475409836063	22.950819672131146	0.0
82.0	24.137931034482758	17.24137931034483	25.862068965517242	32.758620689655174	0.0
83.0	38.59649122807017	22.807017543859647	14.035087719298245	24.561403508771928	0.0
84.0	32.72727272727273	12.727272727272727	20.0	34.54545454545455	0.0
85.0	35.294117647058826	17.647058823529413	23.52941176470588	23.52941176470588	0.0
86.0	23.91304347826087	13.043478260869565	32.608695652173914	30.434782608695656	0.0
87.0	26.666666666666668	17.77777777777778	28.888888888888886	26.666666666666668	0.0
88.0	18.421052631578945	15.789473684210526	39.473684210526315	26.31578947368421	0.0
89.0	37.83783783783784	16.216216216216218	16.216216216216218	29.72972972972973	0.0
90.0	36.36363636363637	15.151515151515152	27.27272727272727	21.21212121212121	0.0
91.0	40.625	9.375	18.75	31.25	0.0
92.0	42.857142857142854	17.857142857142858	21.428571428571427	17.857142857142858	0.0
93.0	21.428571428571427	7.142857142857142	35.714285714285715	35.714285714285715	0.0
94.0	28.57142857142857	21.428571428571427	21.428571428571427	28.57142857142857	0.0
95.0	52.0	16.0	16.0	16.0	0.0
96.0	42.857142857142854	9.523809523809524	9.523809523809524	38.095238095238095	0.0
97.0	40.0	25.0	15.0	20.0	0.0
98.0	25.0	20.0	30.0	25.0	0.0
99.0	44.44444444444444	5.555555555555555	33.33333333333333	16.666666666666664	0.0
100.0	33.33333333333333	13.333333333333334	13.333333333333334	40.0	0.0
101.0	23.076923076923077	15.384615384615385	30.76923076923077	30.76923076923077	0.0
102.0	16.666666666666664	25.0	25.0	33.33333333333333	0.0
103.0	25.0	16.666666666666664	16.666666666666664	41.66666666666667	0.0
104.0	10.0	20.0	50.0	20.0	0.0
105.0	40.0	20.0	30.0	10.0	0.0
106.0	20.0	20.0	20.0	40.0	0.0
107.0	22.22222222222222	11.11111111111111	33.33333333333333	33.33333333333333	0.0
108.0	28.57142857142857	14.285714285714285	14.285714285714285	42.857142857142854	0.0
109.0	28.57142857142857	28.57142857142857	28.57142857142857	14.285714285714285	0.0
110.0	14.285714285714285	57.14285714285714	14.285714285714285	14.285714285714285	0.0
111.0	42.857142857142854	14.285714285714285	0.0	42.857142857142854	0.0
112.0	28.57142857142857	14.285714285714285	14.285714285714285	42.857142857142854	0.0
113.0	40.0	0.0	20.0	40.0	0.0
114.0	40.0	40.0	20.0	0.0	0.0
115.0	60.0	20.0	0.0	20.0	0.0
116.0	40.0	20.0	0.0	40.0	0.0
117.0	50.0	25.0	25.0	0.0	0.0
118.0	0.0	33.33333333333333	33.33333333333333	33.33333333333333	0.0
119.0	100.0	0.0	0.0	0.0	0.0
120.0	0.0	0.0	100.0	0.0	0.0
121.0	0.0	0.0	100.0	0.0	0.0
122.0	0.0	0.0	0.0	100.0	0.0
123.0	0.0	100.0	0.0	0.0	0.0
124.0	0.0	100.0	0.0	0.0	0.0
125.0	0.0	100.0	0.0	0.0	0.0
126.0	0.0	0.0	0.0	100.0	0.0
127.0	100.0	0.0	0.0	0.0	0.0
128.0	0.0	0.0	0.0	100.0	0.0
129.0	0.0	0.0	0.0	100.0	0.0
130.0	0.0	0.0	0.0	100.0	0.0
131.0	100.0	0.0	0.0	0.0	0.0
