# Position (bp)	A	C	G	T	N
0.0	22.123827994859834	25.875850744847938	21.46262671933749	30.53769454095474	0.0
1.0	21.36238160963305	22.944291085621817	24.81670315548998	30.87662414925515	0.0
2.0	23.82876826424254	27.49422921326924	25.155156822616725	23.521845699871495	0.0
3.0	25.271524439579267	26.48261624863167	24.302032268811573	23.94382704297749	0.0
4.0	23.662545809337963	27.80733901289801	24.8913069344629	23.638808243301128	0.0
5.0	22.563895102565322	28.124315834562847	26.4405549474085	22.87010375517586	0.001130360287468469
6.0	24.37151968016753	26.07878016277188	26.784243967445626	22.765456189614962	0.0
7.0	22.823104564275855	28.08695445242968	25.29758221883775	23.792358764456715	0.0
8.0	21.91215315786969	28.056613202608155	26.684474798914852	23.3467588406073	0.0
9.0	23.32254533339679	26.894840797677404	26.57482985103041	23.20778401789539	0.0
10.0	23.055125886440436	27.480724382466327	26.196040169435058	23.26810956165818	0.0
11.0	22.516122507258103	27.964994526676502	27.191530626814526	22.32735233925087	0.0
12.0	23.61441625815049	26.89430536385703	26.493860358859646	22.997418019132834	0.0
13.0	23.136392841844746	27.461508257579364	26.0111370234639	23.390961877111987	0.0
14.0	22.76414735138737	27.746597020608256	26.96438770168007	22.52486792632431	0.0
15.0	23.5406453762315	26.788943886535627	26.585479034791298	23.084931702441576	0.0
16.0	23.240088525058304	27.354421493503402	26.025831707200993	23.379658274237304	0.0
17.0	22.79133549093332	27.653669506449003	26.855635143496265	22.69935985912141	0.0
18.0	23.731735757460378	26.75128504116891	26.455309123792297	23.061670077578412	0.0
19.0	23.410475465232498	27.239303222121748	26.04891485412403	23.301306458521726	0.0
20.0	22.966957784017893	27.545809337965828	26.95974727523678	22.527485602779496	0.0
21.0	23.761958021988484	26.582087953928895	26.51617010137547	23.139783922707153	0.0
22.0	23.439507876826422	26.998833944124506	26.068190471657704	23.493467707391368	0.0
23.0	23.109204702298797	27.344902670029985	26.801734805578032	22.74415782209319	0.0
24.0	23.70853362524392	26.45162057969635	26.397660749131408	23.442185045928323	0.0
25.0	23.36038265670363	26.855397172909427	26.011315501404024	23.772904668982914	0.0
26.0	22.968385607538906	27.19664699443149	26.84998334205892	22.98498405597068	0.0
27.0	23.714839845795062	26.321510161344058	26.54555946884965	23.41809052401123	0.0
28.0	23.34515253914616	26.75866212936081	26.193244015039742	23.702941316453284	0.0
29.0	23.102065584693733	27.12406596544667	26.820950930464992	22.952917519394603	0.0
30.0	23.896484351703194	26.250885651374222	26.498092718454707	23.354537278467877	0.0
31.0	23.48547817162895	26.64620116629416	26.155627563797605	23.712693098279285	0.0
32.0	23.191193540262457	27.02800017071442	26.832279692738087	22.94852659628504	0.0
33.0	23.839177030680545	26.1954419100222	26.472212026347886	23.49316903294937	0.0
34.0	23.512680022184707	26.61488203709234	26.181487959921256	23.690949980801694	0.0
35.0	23.136801365908664	26.87655489670131	26.947336933574444	23.03930680381558	0.0
36.0	23.86218783996433	26.123707629585763	26.602452133333582	23.411652397116324	0.0
37.0	23.517246123542996	26.58294314740098	26.24921031921091	23.65060040984512	0.0
38.0	23.26710816777042	26.813470589554555	26.98917393157053	22.93024731110449	0.0
39.0	23.980866267743288	26.106510849026805	26.612601193643716	23.3000216895862	0.0
40.0	23.635501624560707	26.524103176181953	26.292752469995357	23.547642729261987	0.0
41.0	23.237551480745473	26.819820264498283	27.09386585492014	22.8487623998361	0.0
42.0	23.880904114583046	26.091201343356957	26.808519158855276	23.219375383204724	0.0
43.0	23.557848223704244	26.61281832614657	26.35874384332168	23.47058960682751	0.0
44.0	23.300315108084682	26.77230179643496	27.16444757523314	22.762935520247215	0.0
45.0	23.9199354625531	26.2073235713499	26.76912383271465	23.10361713338235	0.0
46.0	23.59562944408347	26.56925748458083	26.463797197878858	23.37131587345684	0.0
47.0	23.309512323549537	26.842384055846157	27.1769975122731	22.671106108331205	0.0
48.0	23.78094755247028	26.278445098765673	26.890815019922133	23.049792328841917	0.0
49.0	23.514333358472225	26.64228194105768	26.582535173500254	23.260849526969842	0.0
50.0	23.190101700426986	26.924710202648416	27.295913734098225	22.58927436282637	0.0
51.0	23.724940188663577	26.267067105684998	27.04079673433229	22.967195971319136	0.0
52.0	23.452556449208405	26.720199682641955	26.698322470112686	23.128921398036958	0.0
53.0	23.165858667876673	26.98512167745325	27.388818570439184	22.46020108423089	0.0
54.0	23.608200626785642	26.401144788669995	27.08321177700355	22.90744280754081	0.0
55.0	23.42374457850085	26.74619906044421	26.766788976916757	23.063267384138182	0.0
56.0	23.005840037991586	27.060400887745267	27.518403503385354	22.41535557087779	0.0
57.0	23.57919300851239	26.436782875615073	27.253976893362626	22.73004722250991	0.0
58.0	23.213561150791335	26.849816724215376	26.95497027697674	22.98165184801654	0.0
59.0	23.007135200838512	27.085393314443827	27.568037244062804	22.339434240654857	0.0
60.0	23.51632285248658	26.490087451337164	27.370394751440468	22.623194944735783	0.0
61.0	23.223386174399856	26.896943910426774	27.05281587767957	22.826854037493803	0.0
62.0	22.883681908072152	27.166590093419362	27.675569138983775	22.27415885952471	0.0
63.0	23.514996529831674	26.51693455996742	27.42942952095054	22.538639389250374	0.0
64.0	23.25298218613914	26.94328442519245	27.07038218671555	22.733351201952868	0.0
65.0	22.903469317617326	27.252385090203457	27.765196367549265	22.078949224629948	0.0
66.0	23.355161414284687	26.56985662824883	27.591798223552455	22.48318373391403	0.0
67.0	23.0891649783983	27.129292879982426	27.143124476229996	22.63841766538928	0.0
68.0	22.691197507547102	27.314147826485367	27.85224478575392	22.14240988021361	0.0
69.0	23.328733680076425	26.704702260906487	27.533524395853238	22.433039663163854	0.0
70.0	23.197275399304466	27.035613791170494	27.182575536862135	22.584535272662905	0.0
71.0	22.77226389172173	27.41245877413421	27.822697027889276	21.992580306254787	0.0
72.0	23.361296629750296	26.715085525932796	27.544951049175655	22.378666795141253	0.0
73.0	22.9970976225652	27.20585923993336	27.249866406814828	22.547176730686616	0.0
74.0	22.82786185520976	27.340901031839493	27.906946201631154	21.92429091131959	0.0
75.0	23.11949886833863	26.81305868635834	27.688210146087194	22.37877506229853	4.5723691730870347E-4
76.0	22.946551209316212	27.178739922364887	27.343087488802624	22.531621379516274	0.0
77.0	22.676674607098445	27.395488436434096	27.983779545647497	21.943807711707393	2.4969911256935394E-4
78.0	23.043052709880328	26.872251295235362	27.740352617223696	22.343821368447152	5.220092134626176E-4
79.0	22.837802044165553	27.219678165439237	27.443591571025607	22.498655154240836	2.7306512876386146E-4
80.0	22.626936298252083	27.597518566460643	27.911555353627136	21.863989781660138	0.0
81.0	23.007939544671896	26.96097187679357	27.787210637076715	22.243877941457814	0.0
82.0	22.81671007161817	27.231494465868682	27.510705163519805	22.44077728251615	3.130164771873592E-4
83.0	22.60991317121796	27.55469426300464	28.00490543270114	21.82983132656541	6.558065108470397E-4
84.0	23.090870380417986	26.96819433665515	27.760760423892368	22.17983145951663	3.4339951786707695E-4
85.0	22.662652076003827	27.516853366716308	27.47620383760333	22.34429071967653	0.0
86.0	22.496021240166243	27.459854124710546	28.15679707947714	21.88732755564607	0.0
87.0	23.155904664720726	26.995578126359586	27.822602972701453	22.025518719792434	3.955164257971633E-4
88.0	22.963504437863676	27.352358484688644	27.516000814058287	22.167720927528045	4.153358613442761E-4
89.0	22.53196394885768	27.59903584154265	28.087228393767905	21.78177181583176	0.0
90.0	22.951707675358062	27.073999265515976	27.853011384502384	22.121281674623578	0.0
91.0	22.70903639760729	27.338035716872096	27.63640050403372	22.3165273814869	0.0
92.0	22.62287411506225	27.61972088859956	28.020994385222558	21.73641061111563	0.0
93.0	22.795431923023408	27.073990431441388	27.98696364161788	22.14361400391733	0.0
94.0	22.765562495415743	27.492002234296454	27.695684309709602	22.046186744302826	5.642162753826797E-4
95.0	22.43806892938578	27.596758925754155	28.19032083301085	21.77485131184921	0.0
96.0	23.188069510902626	27.09006189756486	27.608697015496343	22.112544447719447	6.27128316724885E-4
97.0	22.541701652198633	27.661600100493878	27.65564980529312	22.140387298103178	6.611439111951498E-4
98.0	22.472545501511483	27.830099764725595	28.247589659096462	21.449765074666463	0.0
99.0	22.713975166721934	27.317342765557644	28.049813934637633	21.918131240558562	7.368925242253418E-4
100.0	22.675477513659924	27.425707124955245	27.558803841902897	22.33923317610797	7.783433739628575E-4
101.0	22.48186481568395	27.388451119399914	28.3090021325824	21.820681932333738	0.0
102.0	23.145108624668033	27.342069746179632	27.781792851234272	21.731028777918063	0.0
103.0	22.74343948105558	27.740306648975377	27.54312251216276	21.97313135780628	0.0
104.0	22.2892860630921	28.076960640687567	27.8728391444477	21.760914151772635	0.0
105.0	22.834759751213404	27.471049063945607	27.73080545177949	21.963385733061504	0.0
106.0	22.779795674263955	27.633354914461915	27.729921320326127	21.856928090947996	0.0
107.0	22.547191796783967	27.917734793754367	28.190398508506178	21.34467490095549	0.0
108.0	22.811664521239727	27.263838003762746	27.859193979601944	22.065303495395582	0.0
109.0	22.532877432930036	27.667017359284586	27.831404523934772	21.967385586533403	0.0013150973172014729
110.0	22.524122500349602	27.76255069221088	28.365263599496576	21.348063207942943	0.0
111.0	22.745513403845866	27.15378992436561	28.287559858577115	21.813136813211404	0.0
112.0	22.599869337285085	27.627196966075495	27.64472489124719	22.126615357649346	0.0015934477428812721
113.0	22.525597269624573	27.7901023890785	28.291808873720136	21.39249146757679	0.0
114.0	22.945230455075848	27.454054842473745	28.143232205367564	21.457482497082847	0.0
115.0	23.00554774183466	27.54141272073761	27.70745428973277	21.74558524769495	0.0
116.0	22.571026604791804	27.93188165382273	28.076769628120868	21.420322113264596	0.0
117.0	23.076923076923077	26.95245412636717	27.91964205007683	22.05098074663292	0.0
118.0	23.038079672139144	27.690093430585712	27.53152977337594	21.740297123899204	0.0
119.0	22.340931929973028	27.81773946157508	28.37573385518591	21.462950230073517	0.0026445231924683977
120.0	23.387512161620787	27.15332226864305	27.711326045899387	21.747839523836777	0.0
121.0	22.65763386059231	27.12638677398303	27.999627085987754	22.216352279436897	0.0
122.0	22.648284272213	27.414382981606316	28.647403543240408	21.28992920294028	0.0
123.0	22.99564028670657	27.251902756225522	27.9945318850218	21.75792507204611	0.0
124.0	22.94388149595084	27.33894925324543	27.440686932812437	22.27648231799129	0.0
125.0	22.885192988747928	27.408436813556282	28.089837270811852	21.616532926883938	0.0
126.0	23.515109412990622	27.177095221555103	28.080186572718702	21.227608792735573	0.0
127.0	23.798222859981237	27.600860974667473	26.811634196147686	21.78376290082234	0.005519068381257244
128.0	22.891417264407618	27.9248083106604	27.98664358149889	21.197130843433094	0.0
129.0	23.614020388213934	27.71959223572127	27.147046501885214	21.519340874179584	0.0
130.0	24.22966963151207	27.056861499364675	27.318932655654383	21.39453621346887	0.0
131.0	23.62722704431247	27.373229785290086	27.802649611694836	21.196893558702605	0.0
132.0	24.193892803758274	27.62118300234892	26.37198377108691	21.812940422805895	0.0
133.0	24.89827060020346	26.106307222787382	27.225330620549336	21.75737538148525	0.012716174974567649
134.0	25.62460961898813	25.921299188007495	28.013741411617737	20.440349781386633	0.0
135.0	25.69541725035021	25.91554932959776	26.896137682609567	21.47288373023814	0.020012007204322592
136.0	25.911812738160044	26.26565051714752	26.07512248230811	21.747414262384325	0.0
137.0	28.315262718932445	25.64637197664721	25.72977481234362	20.308590492076732	0.0
138.0	28.317836010143704	24.344885883347423	27.72612003381234	19.611158072696533	0.0
139.0	22.727272727272727	27.27272727272727	27.27272727272727	22.727272727272727	0.0
140.0	20.0	10.0	50.0	20.0	0.0
