# Position (bp)	A	C	G	T	N
0.0	25.853658536585368	22.439024390243905	22.195121951219512	29.51219512195122	0.0
1.0	23.170731707317074	27.073170731707318	25.609756097560975	24.146341463414632	0.0
2.0	22.682926829268293	30.24390243902439	23.65853658536585	23.414634146341466	0.0
3.0	27.31707317073171	25.609756097560975	22.439024390243905	24.634146341463413	0.0
4.0	24.878048780487806	26.585365853658537	25.121951219512194	23.414634146341466	0.0
5.0	19.26829268292683	28.536585365853657	31.21951219512195	20.975609756097562	0.0
6.0	21.70731707317073	26.34146341463415	30.975609756097562	20.975609756097562	0.0
7.0	20.975609756097562	29.51219512195122	27.31707317073171	22.195121951219512	0.0
8.0	24.390243902439025	26.585365853658537	28.780487804878046	20.243902439024392	0.0
9.0	19.26829268292683	32.6829268292683	24.634146341463413	23.414634146341466	0.0
10.0	22.682926829268293	29.024390243902438	25.365853658536587	22.926829268292686	0.0
11.0	21.21951219512195	27.073170731707318	25.121951219512194	26.585365853658537	0.0
12.0	19.75609756097561	28.536585365853657	29.024390243902438	22.682926829268293	0.0
13.0	25.365853658536587	28.536585365853657	26.585365853658537	19.51219512195122	0.0
14.0	21.21951219512195	32.19512195121951	24.878048780487806	21.70731707317073	0.0
15.0	24.146341463414632	27.80487804878049	27.073170731707318	20.975609756097562	0.0
16.0	23.65853658536585	28.536585365853657	28.292682926829265	19.51219512195122	0.0
17.0	19.51219512195122	33.170731707317074	29.756097560975608	17.560975609756095	0.0
18.0	17.804878048780488	33.90243902439025	28.292682926829265	20.0	0.0
19.0	18.048780487804876	27.31707317073171	30.73170731707317	23.902439024390244	0.0
20.0	22.439024390243905	28.292682926829265	27.5609756097561	21.70731707317073	0.0
21.0	21.951219512195124	33.170731707317074	25.365853658536587	19.51219512195122	0.0
22.0	21.463414634146343	29.268292682926827	27.073170731707318	22.195121951219512	0.0
23.0	22.926829268292686	25.121951219512194	30.975609756097562	20.975609756097562	0.0
24.0	19.26829268292683	26.34146341463415	28.780487804878046	25.609756097560975	0.0
25.0	22.195121951219512	30.24390243902439	29.51219512195122	18.048780487804876	0.0
26.0	23.902439024390244	27.073170731707318	24.878048780487806	24.146341463414632	0.0
27.0	21.70731707317073	26.82926829268293	25.853658536585368	25.609756097560975	0.0
28.0	23.65853658536585	27.5609756097561	26.585365853658537	22.195121951219512	0.0
29.0	19.75609756097561	28.04878048780488	30.0	22.195121951219512	0.0
30.0	17.794486215538846	29.57393483709273	27.31829573934837	25.31328320802005	0.0
31.0	22.53886010362694	30.05181347150259	26.42487046632124	20.984455958549223	0.0
32.0	24.73404255319149	23.138297872340424	29.521276595744684	22.606382978723406	0.0
33.0	21.525885558583106	26.430517711171664	30.79019073569482	21.25340599455041	0.0
34.0	21.142857142857142	29.142857142857142	28.857142857142858	20.857142857142858	0.0
35.0	19.753086419753085	26.851851851851855	31.48148148148148	21.91358024691358	0.0
36.0	25.16778523489933	27.85234899328859	24.496644295302016	22.483221476510067	0.0
37.0	25.36231884057971	21.3768115942029	29.71014492753623	23.55072463768116	0.0
38.0	18.146718146718147	25.868725868725868	31.27413127413127	24.71042471042471	0.0
39.0	21.39917695473251	24.279835390946502	31.275720164609055	23.045267489711936	0.0
40.0	25.333333333333336	20.0	32.0	22.666666666666664	0.0
41.0	22.926829268292686	30.24390243902439	26.82926829268293	20.0	0.0
42.0	25.53191489361702	34.57446808510639	19.680851063829788	20.212765957446805	0.0
43.0	25.294117647058822	22.35294117647059	26.47058823529412	25.882352941176475	0.0
44.0	20.0	24.0	34.66666666666667	21.333333333333336	0.0
45.0	19.11764705882353	26.47058823529412	28.676470588235293	25.735294117647058	0.0
46.0	21.487603305785125	27.27272727272727	23.96694214876033	27.27272727272727	0.0
47.0	25.233644859813083	18.69158878504673	25.233644859813083	30.8411214953271	0.0
48.0	19.387755102040817	19.387755102040817	35.714285714285715	25.510204081632654	0.0
49.0	25.0	28.57142857142857	25.0	21.428571428571427	0.0
50.0	27.631578947368425	25.0	30.263157894736842	17.105263157894736	0.0
51.0	27.027027027027028	32.432432432432435	18.91891891891892	21.62162162162162	0.0
52.0	17.91044776119403	28.35820895522388	28.35820895522388	25.37313432835821	0.0
53.0	33.33333333333333	23.809523809523807	26.984126984126984	15.873015873015872	0.0
54.0	23.809523809523807	34.92063492063492	26.984126984126984	14.285714285714285	0.0
55.0	16.94915254237288	27.11864406779661	27.11864406779661	28.8135593220339	0.0
56.0	11.76470588235294	37.254901960784316	25.49019607843137	25.49019607843137	0.0
57.0	18.91891891891892	35.13513513513514	29.72972972972973	16.216216216216218	0.0
58.0	14.705882352941178	35.294117647058826	23.52941176470588	26.47058823529412	0.0
59.0	10.714285714285714	42.857142857142854	28.57142857142857	17.857142857142858	0.0
60.0	16.0	24.0	36.0	24.0	0.0
61.0	43.47826086956522	26.08695652173913	8.695652173913043	21.73913043478261	0.0
62.0	42.857142857142854	23.809523809523807	14.285714285714285	19.047619047619047	0.0
63.0	15.789473684210526	36.84210526315789	36.84210526315789	10.526315789473683	0.0
64.0	11.11111111111111	38.88888888888889	33.33333333333333	16.666666666666664	0.0
65.0	37.5	12.5	18.75	31.25	0.0
66.0	0.0	44.44444444444444	33.33333333333333	22.22222222222222	0.0
67.0	50.0	25.0	12.5	12.5	0.0
68.0	12.5	0.0	25.0	62.5	0.0
69.0	25.0	0.0	50.0	25.0	0.0
70.0	0.0	28.57142857142857	28.57142857142857	42.857142857142854	0.0
71.0	0.0	42.857142857142854	28.57142857142857	28.57142857142857	0.0
72.0	28.57142857142857	28.57142857142857	14.285714285714285	28.57142857142857	0.0
73.0	40.0	20.0	20.0	20.0	0.0
74.0	0.0	20.0	40.0	40.0	0.0
75.0	40.0	20.0	20.0	20.0	0.0
76.0	33.33333333333333	33.33333333333333	0.0	33.33333333333333	0.0
77.0	33.33333333333333	33.33333333333333	33.33333333333333	0.0	0.0
78.0	0.0	0.0	50.0	50.0	0.0
79.0	0.0	0.0	0.0	100.0	0.0
80.0	50.0	50.0	0.0	0.0	0.0
81.0	50.0	50.0	0.0	0.0	0.0
82.0	50.0	50.0	0.0	0.0	0.0
83.0	0.0	0.0	100.0	0.0	0.0
84.0	0.0	0.0	100.0	0.0	0.0
85.0	0.0	0.0	100.0	0.0	0.0
86.0	0.0	100.0	0.0	0.0	0.0
87.0	0.0	100.0	0.0	0.0	0.0
88.0	0.0	0.0	0.0	100.0	0.0
89.0	0.0	0.0	0.0	100.0	0.0
90.0	0.0	0.0	100.0	0.0	0.0
91.0	0.0	0.0	0.0	100.0	0.0
92.0	100.0	0.0	0.0	0.0	0.0
93.0	0.0	100.0	0.0	0.0	0.0
