# Position (bp)	A	C	G	T	N
0.0	26.190476190476193	25.757575757575758	27.705627705627705	20.346320346320347	0.0
1.0	20.995670995670995	26.83982683982684	26.623376623376622	25.541125541125542	0.0
2.0	21.861471861471863	29.653679653679653	25.541125541125542	22.943722943722943	0.0
3.0	25.757575757575758	27.705627705627705	23.160173160173162	23.376623376623375	0.0
4.0	27.056277056277057	26.190476190476193	27.48917748917749	19.264069264069263	0.0
5.0	21.645021645021643	28.57142857142857	27.92207792207792	21.861471861471863	0.0
6.0	22.51082251082251	25.97402597402597	29.87012987012987	21.645021645021643	0.0
7.0	18.398268398268396	29.22077922077922	28.57142857142857	23.809523809523807	0.0
8.0	18.83116883116883	32.03463203463203	29.653679653679653	19.480519480519483	0.0
9.0	20.562770562770563	28.57142857142857	30.303030303030305	20.562770562770563	0.0
10.0	19.696969696969695	31.16883116883117	28.354978354978357	20.77922077922078	0.0
11.0	19.480519480519483	28.13852813852814	29.43722943722944	22.943722943722943	0.0
12.0	22.727272727272727	30.519480519480517	26.190476190476193	20.562770562770563	0.0
13.0	22.294372294372295	24.891774891774894	31.38528138528138	21.428571428571427	0.0
14.0	23.376623376623375	26.83982683982684	28.78787878787879	20.995670995670995	0.0
15.0	23.809523809523807	24.675324675324674	31.601731601731604	19.913419913419915	0.0
16.0	22.07792207792208	25.108225108225106	30.303030303030305	22.51082251082251	0.0
17.0	21.861471861471863	28.13852813852814	27.705627705627705	22.294372294372295	0.0
18.0	20.995670995670995	31.818181818181817	28.78787878787879	18.398268398268396	0.0
19.0	20.12987012987013	26.406926406926406	29.653679653679653	23.809523809523807	0.0
20.0	22.727272727272727	29.22077922077922	29.004329004329005	19.047619047619047	0.0
21.0	22.51082251082251	29.87012987012987	24.891774891774894	22.727272727272727	0.0
22.0	20.562770562770563	28.78787878787879	27.27272727272727	23.376623376623375	0.0
23.0	21.861471861471863	28.78787878787879	29.653679653679653	19.696969696969695	0.0
24.0	19.913419913419915	31.38528138528138	25.108225108225106	23.593073593073594	0.0
25.0	22.943722943722943	29.653679653679653	25.541125541125542	21.861471861471863	0.0
26.0	22.294372294372295	25.108225108225106	31.818181818181817	20.77922077922078	0.0
27.0	20.12987012987013	30.303030303030305	30.303030303030305	19.264069264069263	0.0
28.0	23.376623376623375	28.13852813852814	27.705627705627705	20.77922077922078	0.0
29.0	22.07792207792208	29.22077922077922	27.705627705627705	20.995670995670995	0.0
30.0	25.892857142857146	31.69642857142857	25.669642857142854	16.741071428571427	0.0
31.0	23.84259259259259	28.47222222222222	27.77777777777778	19.90740740740741	0.0
32.0	18.94484412470024	28.53717026378897	29.256594724220626	23.26139088729017	0.0
33.0	23.891625615763548	29.55665024630542	23.39901477832512	23.15270935960591	0.0
34.0	22.193877551020407	26.27551020408163	29.591836734693878	21.93877551020408	0.0
35.0	23.324396782841823	24.396782841823057	31.36729222520107	20.91152815013405	0.0
36.0	18.926553672316384	26.27118644067797	31.07344632768362	23.728813559322035	0.0
37.0	20.298507462686565	26.268656716417908	29.55223880597015	23.88059701492537	0.0
38.0	23.452768729641694	29.64169381107492	28.338762214983714	18.566775244299674	0.0
39.0	19.718309859154928	24.647887323943664	32.3943661971831	23.239436619718308	0.0
40.0	24.43609022556391	24.81203007518797	31.57894736842105	19.172932330827066	0.0
41.0	23.577235772357724	28.04878048780488	24.796747967479675	23.577235772357724	0.0
42.0	24.680851063829788	23.829787234042556	30.638297872340424	20.851063829787233	0.0
43.0	19.090909090909093	30.454545454545457	26.36363636363636	24.09090909090909	0.0
44.0	21.07843137254902	30.392156862745097	26.47058823529412	22.058823529411764	0.0
45.0	16.315789473684212	32.10526315789474	33.1578947368421	18.421052631578945	0.0
46.0	20.0	30.0	30.0	20.0	0.0
47.0	26.011560693641616	23.699421965317917	25.43352601156069	24.85549132947977	0.0
48.0	17.073170731707318	28.65853658536585	27.439024390243905	26.82926829268293	0.0
49.0	20.125786163522015	27.044025157232703	32.075471698113205	20.754716981132077	0.0
50.0	28.666666666666668	25.333333333333336	28.666666666666668	17.333333333333336	0.0
51.0	22.302158273381295	25.179856115107913	28.05755395683453	24.46043165467626	0.0
52.0	24.62686567164179	26.119402985074625	29.850746268656714	19.402985074626866	0.0
53.0	26.77165354330709	29.133858267716533	18.89763779527559	25.196850393700785	0.0
54.0	16.39344262295082	26.229508196721312	27.86885245901639	29.508196721311474	0.0
55.0	21.008403361344538	33.61344537815126	23.52941176470588	21.84873949579832	0.0
56.0	25.454545454545453	28.18181818181818	26.36363636363636	20.0	0.0
57.0	18.181818181818183	33.33333333333333	25.252525252525253	23.232323232323232	0.0
58.0	23.333333333333332	22.22222222222222	31.11111111111111	23.333333333333332	0.0
59.0	13.580246913580247	33.33333333333333	34.5679012345679	18.51851851851852	0.0
60.0	22.857142857142858	37.142857142857146	28.57142857142857	11.428571428571429	0.0
61.0	21.875	34.375	17.1875	26.5625	0.0
62.0	17.24137931034483	24.137931034482758	36.206896551724135	22.413793103448278	0.0
63.0	26.923076923076923	32.69230769230769	17.307692307692307	23.076923076923077	0.0
64.0	18.75	25.0	33.33333333333333	22.916666666666664	0.0
65.0	14.893617021276595	34.04255319148936	23.404255319148938	27.659574468085108	0.0
66.0	13.043478260869565	32.608695652173914	26.08695652173913	28.26086956521739	0.0
67.0	22.727272727272727	20.454545454545457	40.909090909090914	15.909090909090908	0.0
68.0	24.390243902439025	21.951219512195124	39.02439024390244	14.634146341463413	0.0
69.0	32.5	25.0	22.5	20.0	0.0
70.0	15.789473684210526	21.052631578947366	31.57894736842105	31.57894736842105	0.0
71.0	25.0	13.88888888888889	36.11111111111111	25.0	0.0
72.0	13.88888888888889	30.555555555555557	33.33333333333333	22.22222222222222	0.0
73.0	34.285714285714285	20.0	25.71428571428571	20.0	0.0
74.0	20.0	37.142857142857146	22.857142857142858	20.0	0.0
75.0	6.666666666666667	40.0	30.0	23.333333333333332	0.0
76.0	17.24137931034483	27.586206896551722	48.275862068965516	6.896551724137931	0.0
77.0	21.428571428571427	25.0	28.57142857142857	25.0	0.0
78.0	0.0	35.714285714285715	46.42857142857143	17.857142857142858	0.0
79.0	8.0	32.0	32.0	28.000000000000004	0.0
80.0	29.166666666666668	16.666666666666664	29.166666666666668	25.0	0.0
81.0	17.391304347826086	34.78260869565217	17.391304347826086	30.434782608695656	0.0
82.0	17.391304347826086	30.434782608695656	21.73913043478261	30.434782608695656	0.0
83.0	31.818181818181817	31.818181818181817	27.27272727272727	9.090909090909092	0.0
84.0	22.727272727272727	27.27272727272727	31.818181818181817	18.181818181818183	0.0
85.0	19.047619047619047	14.285714285714285	47.61904761904761	19.047619047619047	0.0
86.0	15.0	35.0	15.0	35.0	0.0
87.0	11.76470588235294	52.94117647058824	17.647058823529413	17.647058823529413	0.0
88.0	18.75	62.5	6.25	12.5	0.0
89.0	13.333333333333334	53.333333333333336	13.333333333333334	20.0	0.0
90.0	35.714285714285715	14.285714285714285	35.714285714285715	14.285714285714285	0.0
91.0	21.428571428571427	21.428571428571427	35.714285714285715	21.428571428571427	0.0
92.0	23.076923076923077	7.6923076923076925	30.76923076923077	38.46153846153847	0.0
93.0	0.0	46.15384615384615	38.46153846153847	15.384615384615385	0.0
94.0	10.0	30.0	50.0	10.0	0.0
95.0	20.0	20.0	30.0	30.0	0.0
96.0	20.0	40.0	30.0	10.0	0.0
97.0	50.0	12.5	12.5	25.0	0.0
98.0	0.0	16.666666666666664	50.0	33.33333333333333	0.0
99.0	50.0	16.666666666666664	16.666666666666664	16.666666666666664	0.0
100.0	50.0	16.666666666666664	16.666666666666664	16.666666666666664	0.0
101.0	33.33333333333333	0.0	33.33333333333333	33.33333333333333	0.0
102.0	0.0	40.0	20.0	40.0	0.0
103.0	40.0	20.0	20.0	20.0	0.0
104.0	0.0	25.0	50.0	25.0	0.0
105.0	25.0	50.0	25.0	0.0	0.0
106.0	0.0	25.0	50.0	25.0	0.0
107.0	0.0	50.0	0.0	50.0	0.0
108.0	0.0	66.66666666666666	33.33333333333333	0.0	0.0
109.0	33.33333333333333	0.0	66.66666666666666	0.0	0.0
110.0	33.33333333333333	33.33333333333333	0.0	33.33333333333333	0.0
111.0	33.33333333333333	33.33333333333333	33.33333333333333	0.0	0.0
112.0	0.0	33.33333333333333	33.33333333333333	33.33333333333333	0.0
113.0	33.33333333333333	33.33333333333333	0.0	33.33333333333333	0.0
114.0	33.33333333333333	66.66666666666666	0.0	0.0	0.0
115.0	66.66666666666666	0.0	0.0	33.33333333333333	0.0
116.0	66.66666666666666	33.33333333333333	0.0	0.0	0.0
117.0	33.33333333333333	66.66666666666666	0.0	0.0	0.0
118.0	66.66666666666666	0.0	33.33333333333333	0.0	0.0
119.0	66.66666666666666	0.0	33.33333333333333	0.0	0.0
120.0	0.0	0.0	100.0	0.0	0.0
