# Position (bp)	A	C	G	T	N
0.0	28.57142857142857	32.142857142857146	14.285714285714285	25.0	0.0
1.0	25.0	17.857142857142858	14.285714285714285	42.857142857142854	0.0
2.0	39.285714285714285	10.714285714285714	14.285714285714285	35.714285714285715	0.0
3.0	25.0	35.714285714285715	10.714285714285714	28.57142857142857	0.0
4.0	14.285714285714285	10.714285714285714	32.142857142857146	42.857142857142854	0.0
5.0	21.428571428571427	7.142857142857142	28.57142857142857	42.857142857142854	0.0
6.0	32.142857142857146	25.0	21.428571428571427	21.428571428571427	0.0
7.0	21.428571428571427	17.857142857142858	17.857142857142858	42.857142857142854	0.0
8.0	32.142857142857146	14.285714285714285	17.857142857142858	35.714285714285715	0.0
9.0	32.142857142857146	25.0	21.428571428571427	21.428571428571427	0.0
10.0	21.428571428571427	25.0	39.285714285714285	14.285714285714285	0.0
11.0	28.57142857142857	17.857142857142858	21.428571428571427	32.142857142857146	0.0
12.0	25.0	35.714285714285715	21.428571428571427	17.857142857142858	0.0
13.0	21.428571428571427	17.857142857142858	14.285714285714285	46.42857142857143	0.0
14.0	35.714285714285715	10.714285714285714	21.428571428571427	32.142857142857146	0.0
15.0	32.142857142857146	14.285714285714285	21.428571428571427	32.142857142857146	0.0
16.0	39.285714285714285	28.57142857142857	17.857142857142858	14.285714285714285	0.0
17.0	21.428571428571427	28.57142857142857	14.285714285714285	35.714285714285715	0.0
18.0	32.142857142857146	25.0	17.857142857142858	25.0	0.0
19.0	17.857142857142858	17.857142857142858	32.142857142857146	32.142857142857146	0.0
20.0	32.142857142857146	14.285714285714285	28.57142857142857	25.0	0.0
21.0	14.285714285714285	21.428571428571427	32.142857142857146	32.142857142857146	0.0
22.0	17.857142857142858	14.285714285714285	35.714285714285715	32.142857142857146	0.0
23.0	14.285714285714285	25.0	35.714285714285715	25.0	0.0
24.0	32.142857142857146	14.285714285714285	28.57142857142857	25.0	0.0
25.0	17.857142857142858	14.285714285714285	32.142857142857146	35.714285714285715	0.0
26.0	17.857142857142858	25.0	32.142857142857146	25.0	0.0
27.0	21.428571428571427	25.0	21.428571428571427	32.142857142857146	0.0
28.0	39.285714285714285	14.285714285714285	10.714285714285714	35.714285714285715	0.0
29.0	32.142857142857146	17.857142857142858	35.714285714285715	14.285714285714285	0.0
30.0	28.57142857142857	21.428571428571427	17.857142857142858	32.142857142857146	0.0
31.0	32.142857142857146	25.0	25.0	17.857142857142858	0.0
32.0	25.0	32.142857142857146	21.428571428571427	21.428571428571427	0.0
33.0	29.629629629629626	18.51851851851852	11.11111111111111	40.74074074074074	0.0
34.0	22.22222222222222	25.925925925925924	33.33333333333333	18.51851851851852	0.0
35.0	25.925925925925924	14.814814814814813	29.629629629629626	29.629629629629626	0.0
36.0	29.629629629629626	18.51851851851852	25.925925925925924	25.925925925925924	0.0
37.0	11.538461538461538	15.384615384615385	42.30769230769231	30.76923076923077	0.0
38.0	26.923076923076923	19.230769230769234	30.76923076923077	23.076923076923077	0.0
39.0	34.61538461538461	19.230769230769234	15.384615384615385	30.76923076923077	0.0
40.0	24.0	12.0	24.0	40.0	0.0
41.0	32.0	20.0	28.000000000000004	20.0	0.0
42.0	48.0	24.0	4.0	24.0	0.0
43.0	32.0	16.0	28.000000000000004	24.0	0.0
44.0	28.000000000000004	20.0	24.0	28.000000000000004	0.0
45.0	37.5	25.0	12.5	25.0	0.0
46.0	26.08695652173913	26.08695652173913	21.73913043478261	26.08695652173913	0.0
47.0	30.434782608695656	17.391304347826086	21.73913043478261	30.434782608695656	0.0
48.0	34.78260869565217	13.043478260869565	26.08695652173913	26.08695652173913	0.0
49.0	22.727272727272727	22.727272727272727	22.727272727272727	31.818181818181817	0.0
50.0	31.818181818181817	9.090909090909092	40.909090909090914	18.181818181818183	0.0
51.0	36.36363636363637	18.181818181818183	18.181818181818183	27.27272727272727	0.0
52.0	27.27272727272727	4.545454545454546	36.36363636363637	31.818181818181817	0.0
53.0	33.33333333333333	19.047619047619047	23.809523809523807	23.809523809523807	0.0
54.0	35.0	30.0	15.0	20.0	0.0
55.0	45.0	10.0	15.0	30.0	0.0
56.0	40.0	20.0	15.0	25.0	0.0
57.0	27.77777777777778	16.666666666666664	16.666666666666664	38.88888888888889	0.0
58.0	18.75	18.75	12.5	50.0	0.0
59.0	43.75	12.5	18.75	25.0	0.0
60.0	20.0	13.333333333333334	26.666666666666668	40.0	0.0
61.0	30.76923076923077	15.384615384615385	23.076923076923077	30.76923076923077	0.0
62.0	23.076923076923077	23.076923076923077	23.076923076923077	30.76923076923077	0.0
63.0	38.46153846153847	15.384615384615385	23.076923076923077	23.076923076923077	0.0
64.0	25.0	25.0	16.666666666666664	33.33333333333333	0.0
65.0	25.0	16.666666666666664	25.0	33.33333333333333	0.0
66.0	18.181818181818183	27.27272727272727	18.181818181818183	36.36363636363637	0.0
67.0	10.0	30.0	30.0	30.0	0.0
68.0	20.0	0.0	30.0	50.0	0.0
69.0	30.0	0.0	20.0	50.0	0.0
70.0	10.0	20.0	60.0	10.0	0.0
71.0	20.0	10.0	20.0	50.0	0.0
72.0	50.0	30.0	0.0	20.0	0.0
73.0	30.0	0.0	10.0	60.0	0.0
74.0	20.0	20.0	10.0	50.0	0.0
75.0	50.0	0.0	30.0	20.0	0.0
76.0	44.44444444444444	22.22222222222222	11.11111111111111	22.22222222222222	0.0
77.0	44.44444444444444	22.22222222222222	22.22222222222222	11.11111111111111	0.0
78.0	33.33333333333333	33.33333333333333	11.11111111111111	22.22222222222222	0.0
79.0	66.66666666666666	0.0	33.33333333333333	0.0	0.0
80.0	33.33333333333333	0.0	55.55555555555556	11.11111111111111	0.0
81.0	12.5	25.0	25.0	37.5	0.0
82.0	0.0	75.0	0.0	25.0	0.0
83.0	12.5	37.5	37.5	12.5	0.0
84.0	25.0	12.5	0.0	62.5	0.0
85.0	0.0	42.857142857142854	28.57142857142857	28.57142857142857	0.0
86.0	0.0	0.0	28.57142857142857	71.42857142857143	0.0
87.0	42.857142857142854	14.285714285714285	28.57142857142857	14.285714285714285	0.0
88.0	57.14285714285714	0.0	28.57142857142857	14.285714285714285	0.0
89.0	28.57142857142857	28.57142857142857	14.285714285714285	28.57142857142857	0.0
90.0	71.42857142857143	28.57142857142857	0.0	0.0	0.0
91.0	28.57142857142857	14.285714285714285	42.857142857142854	14.285714285714285	0.0
92.0	14.285714285714285	28.57142857142857	28.57142857142857	28.57142857142857	0.0
93.0	33.33333333333333	16.666666666666664	16.666666666666664	33.33333333333333	0.0
94.0	33.33333333333333	16.666666666666664	33.33333333333333	16.666666666666664	0.0
95.0	0.0	33.33333333333333	33.33333333333333	33.33333333333333	0.0
96.0	16.666666666666664	16.666666666666664	50.0	16.666666666666664	0.0
97.0	50.0	0.0	50.0	0.0	0.0
98.0	0.0	33.33333333333333	16.666666666666664	50.0	0.0
99.0	50.0	16.666666666666664	0.0	33.33333333333333	0.0
100.0	16.666666666666664	33.33333333333333	16.666666666666664	33.33333333333333	0.0
101.0	20.0	20.0	20.0	40.0	0.0
102.0	80.0	20.0	0.0	0.0	0.0
103.0	40.0	20.0	20.0	20.0	0.0
104.0	0.0	60.0	0.0	40.0	0.0
105.0	20.0	20.0	60.0	0.0	0.0
106.0	40.0	40.0	20.0	0.0	0.0
107.0	25.0	25.0	25.0	25.0	0.0
108.0	25.0	25.0	0.0	50.0	0.0
109.0	25.0	25.0	0.0	50.0	0.0
110.0	25.0	0.0	25.0	50.0	0.0
111.0	25.0	25.0	0.0	50.0	0.0
112.0	25.0	75.0	0.0	0.0	0.0
113.0	0.0	50.0	25.0	25.0	0.0
114.0	0.0	25.0	25.0	50.0	0.0
115.0	50.0	0.0	25.0	25.0	0.0
116.0	25.0	0.0	25.0	50.0	0.0
117.0	33.33333333333333	0.0	0.0	66.66666666666666	0.0
118.0	0.0	50.0	0.0	50.0	0.0
119.0	0.0	50.0	50.0	0.0	0.0
120.0	100.0	0.0	0.0	0.0	0.0
121.0	50.0	0.0	50.0	0.0	0.0
122.0	50.0	50.0	0.0	0.0	0.0
123.0	100.0	0.0	0.0	0.0	0.0
