# Position (bp)	A	C	G	T	N
0.0	22.160664819944596	17.451523545706372	15.789473684210526	44.59833795013851	0.0
1.0	24.653739612188367	15.789473684210526	14.127423822714682	45.42936288088642	0.0
2.0	29.362880886426595	18.559556786703602	14.681440443213297	37.396121883656505	0.0
3.0	26.869806094182824	15.789473684210526	18.282548476454295	39.05817174515235	0.0
4.0	29.085872576177284	21.88365650969529	13.573407202216067	35.45706371191136	0.0
5.0	23.545706371191137	20.498614958448755	20.77562326869806	35.18005540166205	0.0
6.0	24.653739612188367	19.94459833795014	21.60664819944598	33.795013850415515	0.0
7.0	26.31578947368421	19.667590027700832	17.72853185595568	36.288088642659275	0.0
8.0	29.916897506925206	18.559556786703602	17.451523545706372	34.07202216066482	0.0
9.0	26.31578947368421	26.59279778393352	17.451523545706372	29.6398891966759	0.0
10.0	24.653739612188367	21.88365650969529	21.60664819944598	31.855955678670362	0.0
11.0	26.59279778393352	21.329639889196674	20.77562326869806	31.301939058171747	0.0
12.0	24.099722991689752	24.099722991689752	21.60664819944598	30.193905817174517	0.0
13.0	29.085872576177284	20.221606648199447	19.667590027700832	31.024930747922436	0.0
14.0	29.362880886426595	21.329639889196674	18.559556786703602	30.747922437673132	0.0
15.0	24.653739612188367	19.667590027700832	23.822714681440445	31.855955678670362	0.0
16.0	22.437673130193904	22.99168975069252	19.94459833795014	34.62603878116344	0.0
17.0	28.254847645429365	19.667590027700832	24.653739612188367	27.42382271468144	0.0
18.0	25.761772853185594	22.99168975069252	23.26869806094183	27.977839335180054	0.0
19.0	28.53185595567867	21.88365650969529	25.48476454293629	24.099722991689752	0.0
20.0	22.437673130193904	23.26869806094183	26.038781163434905	28.254847645429365	0.0
21.0	29.6398891966759	20.498614958448755	20.498614958448755	29.362880886426595	0.0
22.0	27.977839335180054	26.31578947368421	19.667590027700832	26.038781163434905	0.0
23.0	22.71468144044321	29.085872576177284	20.77562326869806	27.42382271468144	0.0
24.0	27.42382271468144	22.160664819944596	21.88365650969529	28.53185595567867	0.0
25.0	31.024930747922436	25.20775623268698	20.221606648199447	23.545706371191137	0.0
26.0	26.59279778393352	22.71468144044321	25.20775623268698	25.48476454293629	0.0
27.0	29.085872576177284	24.653739612188367	19.113573407202217	27.146814404432135	0.0
28.0	30.193905817174517	25.48476454293629	19.390581717451525	24.930747922437675	0.0
29.0	26.31578947368421	21.60664819944598	21.88365650969529	30.193905817174517	0.0
30.0	28.80886426592798	23.822714681440445	22.160664819944596	25.20775623268698	0.0
31.0	27.019498607242337	22.284122562674096	20.055710306406684	30.64066852367688	0.0
32.0	31.46067415730337	23.876404494382022	20.224719101123593	24.43820224719101	0.0
33.0	28.8135593220339	19.491525423728813	19.2090395480226	32.48587570621469	0.0
34.0	30.945558739255013	24.355300859598856	18.33810888252149	26.36103151862464	0.0
35.0	31.12391930835735	21.902017291066283	22.478386167146976	24.495677233429394	0.0
36.0	26.099706744868033	23.16715542521994	17.595307917888565	33.137829912023456	0.0
37.0	30.447761194029848	19.701492537313435	16.716417910447763	33.134328358208954	0.0
38.0	31.92771084337349	23.49397590361446	19.27710843373494	25.301204819277107	0.0
39.0	31.05590062111801	19.875776397515526	19.875776397515526	29.19254658385093	0.0
40.0	33.96825396825397	22.857142857142858	20.317460317460316	22.857142857142858	0.0
41.0	29.677419354838708	26.7741935483871	19.35483870967742	24.193548387096776	0.0
42.0	23.841059602649008	29.47019867549669	16.887417218543046	29.80132450331126	0.0
43.0	35.69023569023569	20.53872053872054	17.50841750841751	26.262626262626267	0.0
44.0	32.068965517241374	17.586206896551722	22.06896551724138	28.27586206896552	0.0
45.0	31.672597864768683	24.555160142348754	20.99644128113879	22.77580071174377	0.0
46.0	29.56204379562044	18.613138686131386	24.45255474452555	27.37226277372263	0.0
47.0	27.881040892193308	22.304832713754646	20.44609665427509	29.36802973977695	0.0
48.0	29.615384615384617	20.76923076923077	19.615384615384617	30.0	0.0
49.0	34.8	19.6	17.2	28.4	0.0
50.0	34.74576271186441	22.033898305084744	17.796610169491526	25.423728813559322	0.0
51.0	31.69642857142857	21.428571428571427	15.625	31.25	0.0
52.0	32.55813953488372	21.86046511627907	23.25581395348837	22.325581395348838	0.0
53.0	29.951690821256037	23.18840579710145	19.32367149758454	27.536231884057973	0.0
54.0	32.67326732673268	18.81188118811881	23.26732673267327	25.247524752475247	0.0
55.0	29.949238578680205	25.380710659898476	17.766497461928935	26.903553299492383	0.0
56.0	37.89473684210527	19.473684210526315	15.263157894736842	27.368421052631582	0.0
57.0	35.91160220994475	19.337016574585636	19.337016574585636	25.41436464088398	0.0
58.0	33.714285714285715	26.285714285714285	11.428571428571429	28.57142857142857	0.0
59.0	38.82352941176471	17.058823529411764	15.88235294117647	28.235294117647058	0.0
60.0	32.467532467532465	20.12987012987013	18.181818181818183	29.22077922077922	0.0
61.0	28.37837837837838	26.351351351351347	20.945945945945947	24.324324324324326	0.0
62.0	34.96503496503497	24.475524475524477	17.482517482517483	23.076923076923077	0.0
63.0	24.087591240875913	29.1970802919708	22.62773722627737	24.087591240875913	0.0
64.0	27.819548872180448	21.052631578947366	18.796992481203006	32.33082706766917	0.0
65.0	29.133858267716533	25.196850393700785	22.83464566929134	22.83464566929134	0.0
66.0	30.0	23.333333333333332	16.666666666666664	30.0	0.0
67.0	25.454545454545453	29.09090909090909	14.545454545454545	30.909090909090907	0.0
68.0	37.142857142857146	18.095238095238095	19.047619047619047	25.71428571428571	0.0
69.0	33.00970873786408	29.126213592233007	15.53398058252427	22.330097087378643	0.0
70.0	29.292929292929294	20.2020202020202	16.161616161616163	34.34343434343434	0.0
71.0	26.08695652173913	23.91304347826087	16.304347826086957	33.69565217391305	0.0
72.0	24.444444444444443	18.88888888888889	23.333333333333332	33.33333333333333	0.0
73.0	38.372093023255815	19.767441860465116	19.767441860465116	22.093023255813954	0.0
74.0	32.5	21.25	13.750000000000002	32.5	0.0
75.0	33.33333333333333	17.333333333333336	17.333333333333336	32.0	0.0
76.0	35.61643835616438	16.43835616438356	20.54794520547945	27.397260273972602	0.0
77.0	35.61643835616438	13.698630136986301	20.54794520547945	30.136986301369863	0.0
78.0	33.33333333333333	27.77777777777778	11.11111111111111	27.77777777777778	0.0
79.0	45.07042253521127	25.352112676056336	14.084507042253522	15.492957746478872	0.0
80.0	31.343283582089555	20.8955223880597	19.402985074626866	28.35820895522388	0.0
81.0	22.950819672131146	24.59016393442623	19.672131147540984	32.78688524590164	0.0
82.0	42.857142857142854	12.5	23.214285714285715	21.428571428571427	0.0
83.0	26.41509433962264	22.641509433962266	20.754716981132077	30.18867924528302	0.0
84.0	30.76923076923077	25.0	15.384615384615385	28.846153846153843	0.0
85.0	33.33333333333333	31.372549019607842	17.647058823529413	17.647058823529413	0.0
86.0	25.0	16.666666666666664	18.75	39.58333333333333	0.0
87.0	22.22222222222222	33.33333333333333	8.88888888888889	35.55555555555556	0.0
88.0	39.53488372093023	18.6046511627907	9.30232558139535	32.55813953488372	0.0
89.0	24.390243902439025	19.51219512195122	26.82926829268293	29.268292682926827	0.0
90.0	31.57894736842105	21.052631578947366	23.684210526315788	23.684210526315788	0.0
91.0	20.0	37.142857142857146	14.285714285714285	28.57142857142857	0.0
92.0	25.0	18.75	18.75	37.5	0.0
93.0	31.25	25.0	15.625	28.125	0.0
94.0	33.33333333333333	13.333333333333334	20.0	33.33333333333333	0.0
95.0	10.344827586206897	27.586206896551722	27.586206896551722	34.48275862068966	0.0
96.0	29.629629629629626	14.814814814814813	25.925925925925924	29.629629629629626	0.0
97.0	40.74074074074074	14.814814814814813	22.22222222222222	22.22222222222222	0.0
98.0	41.66666666666667	20.833333333333336	16.666666666666664	20.833333333333336	0.0
99.0	45.83333333333333	25.0	16.666666666666664	12.5	0.0
100.0	37.5	25.0	16.666666666666664	20.833333333333336	0.0
101.0	45.83333333333333	8.333333333333332	16.666666666666664	29.166666666666668	0.0
102.0	41.66666666666667	8.333333333333332	33.33333333333333	16.666666666666664	0.0
103.0	22.727272727272727	31.818181818181817	27.27272727272727	18.181818181818183	0.0
104.0	23.809523809523807	28.57142857142857	9.523809523809524	38.095238095238095	0.0
105.0	40.0	0.0	25.0	35.0	0.0
106.0	16.666666666666664	27.77777777777778	11.11111111111111	44.44444444444444	0.0
107.0	22.22222222222222	22.22222222222222	44.44444444444444	11.11111111111111	0.0
108.0	18.75	31.25	12.5	37.5	0.0
109.0	40.0	20.0	20.0	20.0	0.0
110.0	42.857142857142854	14.285714285714285	21.428571428571427	21.428571428571427	0.0
111.0	38.46153846153847	23.076923076923077	15.384615384615385	23.076923076923077	0.0
112.0	30.76923076923077	23.076923076923077	7.6923076923076925	38.46153846153847	0.0
113.0	33.33333333333333	25.0	8.333333333333332	33.33333333333333	0.0
114.0	54.54545454545454	18.181818181818183	18.181818181818183	9.090909090909092	0.0
115.0	40.0	20.0	30.0	10.0	0.0
116.0	40.0	10.0	0.0	50.0	0.0
117.0	22.22222222222222	44.44444444444444	33.33333333333333	0.0	0.0
118.0	22.22222222222222	22.22222222222222	11.11111111111111	44.44444444444444	0.0
119.0	44.44444444444444	22.22222222222222	22.22222222222222	11.11111111111111	0.0
120.0	44.44444444444444	33.33333333333333	11.11111111111111	11.11111111111111	0.0
121.0	25.0	25.0	12.5	37.5	0.0
122.0	25.0	12.5	25.0	37.5	0.0
123.0	25.0	25.0	37.5	12.5	0.0
124.0	28.57142857142857	42.857142857142854	0.0	28.57142857142857	0.0
125.0	42.857142857142854	28.57142857142857	14.285714285714285	14.285714285714285	0.0
126.0	0.0	57.14285714285714	14.285714285714285	28.57142857142857	0.0
127.0	42.857142857142854	28.57142857142857	14.285714285714285	14.285714285714285	0.0
128.0	33.33333333333333	16.666666666666664	0.0	50.0	0.0
129.0	40.0	20.0	0.0	40.0	0.0
130.0	80.0	0.0	0.0	20.0	0.0
131.0	50.0	25.0	25.0	0.0	0.0
132.0	0.0	33.33333333333333	33.33333333333333	33.33333333333333	0.0
133.0	33.33333333333333	0.0	0.0	66.66666666666666	0.0
134.0	50.0	0.0	50.0	0.0	0.0
