# Position (bp)	A	C	G	T	N
0.0	21.34251290877797	19.793459552495698	18.9328743545611	39.93115318416523	0.0
1.0	24.612736660929432	15.3184165232358	18.9328743545611	41.13597246127367	0.0
2.0	26.67814113597246	19.793459552495698	18.76075731497418	34.76764199655766	0.0
3.0	29.08777969018933	17.555938037865747	17.555938037865747	35.800344234079176	0.0
4.0	26.161790017211707	21.17039586919105	19.104991394148023	33.56282271944922	0.0
5.0	24.612736660929432	18.588640275387263	22.203098106712567	34.59552495697074	0.0
6.0	27.538726333907054	17.555938037865747	21.858864027538726	33.04647160068847	0.0
7.0	27.19449225473322	22.547332185886404	23.06368330464716	27.19449225473322	0.0
8.0	25.817555938037867	20.481927710843372	20.65404475043029	33.04647160068847	0.0
9.0	25.301204819277107	20.137693631669535	19.965576592082616	34.59552495697074	0.0
10.0	27.538726333907054	19.793459552495698	21.17039586919105	31.497418244406195	0.0
11.0	26.850258175559382	19.27710843373494	25.301204819277107	28.57142857142857	0.0
12.0	25.645438898450944	19.62134251290878	22.89156626506024	31.841652323580032	0.0
13.0	28.227194492254732	20.65404475043029	20.65404475043029	30.46471600688468	0.0
14.0	24.268502581755595	18.588640275387263	25.301204819277107	31.841652323580032	0.0
15.0	24.78485370051635	20.82616179001721	23.752151462994835	30.6368330464716	0.0
16.0	27.022375215146297	24.95697074010327	20.998278829604132	27.022375215146297	0.0
17.0	27.710843373493976	20.137693631669535	24.95697074010327	27.19449225473322	0.0
18.0	27.710843373493976	21.686746987951807	22.719449225473323	27.882960413080895	0.0
19.0	29.08777969018933	24.78485370051635	19.62134251290878	26.506024096385545	0.0
20.0	26.333907056798623	21.514629948364888	25.12908777969019	27.022375215146297	0.0
21.0	26.850258175559382	21.17039586919105	25.12908777969019	26.850258175559382	0.0
22.0	26.67814113597246	23.924268502581754	20.481927710843372	28.915662650602407	0.0
23.0	24.096385542168676	22.547332185886404	22.030981067125648	31.32530120481928	0.0
24.0	27.538726333907054	20.998278829604132	21.514629948364888	29.948364888123923	0.0
25.0	25.817555938037867	23.23580034423408	21.514629948364888	29.43201376936317	0.0
26.0	28.915662650602407	24.78485370051635	21.514629948364888	24.78485370051635	0.0
27.0	29.259896729776248	18.588640275387263	22.719449225473323	29.43201376936317	0.0
28.0	25.817555938037867	23.06368330464716	20.65404475043029	30.46471600688468	0.0
29.0	26.506024096385545	21.686746987951807	20.998278829604132	30.808950086058516	0.0
30.0	28.29861111111111	19.791666666666664	23.09027777777778	28.819444444444443	0.0
31.0	27.77777777777778	23.78472222222222	22.04861111111111	26.38888888888889	0.0
32.0	29.094076655052266	18.641114982578397	21.0801393728223	31.18466898954704	0.0
33.0	29.225352112676056	21.12676056338028	20.774647887323944	28.87323943661972	0.0
34.0	26.807760141093475	25.044091710758376	19.929453262786595	28.21869488536155	0.0
35.0	27.73851590106007	20.848056537102476	21.908127208480565	29.50530035335689	0.0
36.0	30.427046263345197	19.395017793594306	22.24199288256228	27.935943060498218	0.0
37.0	27.906976744186046	22.361359570661897	21.10912343470483	28.622540250447226	0.0
38.0	31.71171171171171	19.45945945945946	20.18018018018018	28.64864864864865	0.0
39.0	31.34057971014493	20.108695652173914	23.007246376811594	25.543478260869566	0.0
40.0	28.832116788321166	20.985401459854014	22.99270072992701	27.189781021897808	0.0
41.0	28.413284132841326	20.11070110701107	23.062730627306273	28.413284132841326	0.0
42.0	30.206378986866795	17.823639774859288	21.200750469043154	30.76923076923077	0.0
43.0	31.368821292775667	19.581749049429657	22.433460076045627	26.61596958174905	0.0
44.0	30.65134099616858	21.0727969348659	20.306513409961685	27.969348659003828	0.0
45.0	34.44227005870842	22.89628180039139	18.199608610567513	24.46183953033268	0.0
46.0	31.8	18.8	19.6	29.799999999999997	0.0
47.0	32.03285420944558	16.427104722792606	22.587268993839835	28.952772073921974	0.0
48.0	34.32203389830508	18.85593220338983	19.06779661016949	27.75423728813559	0.0
49.0	32.46187363834422	17.86492374727669	25.925925925925924	23.74727668845316	0.0
50.0	29.621380846325167	20.044543429844097	23.608017817371937	26.7260579064588	0.0
51.0	32.3394495412844	22.24770642201835	17.660550458715598	27.75229357798165	0.0
52.0	28.537735849056606	24.764150943396228	19.339622641509436	27.358490566037734	0.0
53.0	33.091787439613526	22.463768115942027	17.391304347826086	27.053140096618357	0.0
54.0	30.52109181141439	21.339950372208435	21.588089330024815	26.550868486352357	0.0
55.0	32.390745501285345	20.051413881748072	22.62210796915167	24.93573264781491	0.0
56.0	28.912466843501328	22.811671087533156	23.872679045092838	24.40318302387268	0.0
57.0	31.88010899182561	20.16348773841962	19.346049046321525	28.610354223433244	0.0
58.0	31.57894736842105	19.667590027700832	20.77562326869806	27.977839335180054	0.0
59.0	30.346820809248555	18.20809248554913	21.67630057803468	29.76878612716763	0.0
60.0	28.313253012048197	18.373493975903614	27.10843373493976	26.20481927710843	0.0
61.0	29.559748427672954	24.21383647798742	19.18238993710692	27.044025157232703	0.0
62.0	33.006535947712415	19.28104575163399	18.627450980392158	29.08496732026144	0.0
63.0	27.73972602739726	22.26027397260274	19.52054794520548	30.47945205479452	0.0
64.0	36.74911660777385	18.374558303886925	16.96113074204947	27.915194346289752	0.0
65.0	32.6007326007326	21.245421245421245	20.146520146520146	26.00732600732601	0.0
66.0	33.20754716981132	20.37735849056604	20.0	26.41509433962264	0.0
67.0	27.237354085603112	22.56809338521401	18.67704280155642	31.517509727626457	0.0
68.0	30.314960629921263	25.590551181102363	22.440944881889763	21.653543307086615	0.0
69.0	33.744855967078195	20.16460905349794	18.106995884773664	27.983539094650205	0.0
70.0	36.28691983122363	17.29957805907173	18.9873417721519	27.42616033755274	0.0
71.0	26.31578947368421	24.12280701754386	22.807017543859647	26.75438596491228	0.0
72.0	33.4841628959276	19.004524886877828	23.52941176470588	23.981900452488688	0.0
73.0	34.76190476190476	21.904761904761905	23.333333333333332	20.0	0.0
74.0	27.722772277227726	27.22772277227723	20.792079207920793	24.257425742574256	0.0
75.0	30.36649214659686	16.230366492146597	19.3717277486911	34.031413612565444	0.0
76.0	28.08988764044944	23.03370786516854	21.910112359550563	26.96629213483146	0.0
77.0	33.33333333333333	20.114942528735632	25.287356321839084	21.26436781609195	0.0
78.0	31.547619047619047	16.666666666666664	18.452380952380953	33.33333333333333	0.0
79.0	36.41975308641975	16.049382716049383	27.77777777777778	19.753086419753085	0.0
80.0	33.54430379746836	19.62025316455696	23.417721518987342	23.417721518987342	0.0
81.0	31.57894736842105	19.736842105263158	18.421052631578945	30.263157894736842	0.0
82.0	30.069930069930066	25.874125874125873	21.678321678321677	22.377622377622377	0.0
83.0	33.33333333333333	16.666666666666664	17.391304347826086	32.608695652173914	0.0
84.0	36.2962962962963	15.555555555555555	25.925925925925924	22.22222222222222	0.0
85.0	37.2093023255814	15.503875968992247	20.155038759689923	27.131782945736433	0.0
86.0	35.483870967741936	20.967741935483872	18.548387096774192	25.0	0.0
87.0	25.663716814159294	22.123893805309734	18.58407079646018	33.6283185840708	0.0
88.0	34.25925925925926	19.444444444444446	14.814814814814813	31.48148148148148	0.0
89.0	33.64485981308411	25.233644859813083	22.429906542056074	18.69158878504673	0.0
90.0	22.857142857142858	24.761904761904763	22.857142857142858	29.523809523809526	0.0
91.0	39.39393939393939	18.181818181818183	21.21212121212121	21.21212121212121	0.0
92.0	35.41666666666667	20.833333333333336	17.708333333333336	26.041666666666668	0.0
93.0	25.0	25.0	13.043478260869565	36.95652173913043	0.0
94.0	33.33333333333333	24.137931034482758	17.24137931034483	25.287356321839084	0.0
95.0	26.190476190476193	29.761904761904763	20.238095238095237	23.809523809523807	0.0
96.0	28.04878048780488	19.51219512195122	25.609756097560975	26.82926829268293	0.0
97.0	39.743589743589745	19.230769230769234	16.666666666666664	24.358974358974358	0.0
98.0	30.263157894736842	15.789473684210526	9.210526315789473	44.73684210526316	0.0
99.0	34.24657534246575	21.91780821917808	13.698630136986301	30.136986301369863	0.0
100.0	35.294117647058826	11.76470588235294	16.176470588235293	36.76470588235294	0.0
101.0	23.4375	18.75	18.75	39.0625	0.0
102.0	35.9375	23.4375	18.75	21.875	0.0
103.0	33.87096774193548	30.64516129032258	14.516129032258066	20.967741935483872	0.0
104.0	23.728813559322035	27.11864406779661	27.11864406779661	22.033898305084744	0.0
105.0	30.508474576271187	27.11864406779661	18.64406779661017	23.728813559322035	0.0
106.0	25.862068965517242	15.517241379310345	10.344827586206897	48.275862068965516	0.0
107.0	42.857142857142854	10.714285714285714	17.857142857142858	28.57142857142857	0.0
108.0	26.41509433962264	37.735849056603776	20.754716981132077	15.09433962264151	0.0
109.0	27.450980392156865	27.450980392156865	7.8431372549019605	37.254901960784316	0.0
110.0	42.0	10.0	22.0	26.0	0.0
111.0	17.02127659574468	19.148936170212767	29.78723404255319	34.04255319148936	0.0
112.0	17.77777777777778	28.888888888888886	20.0	33.33333333333333	0.0
113.0	27.906976744186046	11.627906976744185	27.906976744186046	32.55813953488372	0.0
114.0	25.581395348837212	11.627906976744185	30.23255813953488	32.55813953488372	0.0
115.0	27.500000000000004	25.0	15.0	32.5	0.0
116.0	21.052631578947366	26.31578947368421	21.052631578947366	31.57894736842105	0.0
117.0	35.13513513513514	10.81081081081081	35.13513513513514	18.91891891891892	0.0
118.0	41.17647058823529	17.647058823529413	14.705882352941178	26.47058823529412	0.0
119.0	25.806451612903224	29.03225806451613	12.903225806451612	32.25806451612903	0.0
120.0	26.666666666666668	20.0	20.0	33.33333333333333	0.0
121.0	21.428571428571427	35.714285714285715	28.57142857142857	14.285714285714285	0.0
122.0	37.03703703703704	18.51851851851852	14.814814814814813	29.629629629629626	0.0
123.0	33.33333333333333	12.5	20.833333333333336	33.33333333333333	0.0
124.0	43.47826086956522	13.043478260869565	17.391304347826086	26.08695652173913	0.0
125.0	50.0	36.36363636363637	13.636363636363635	0.0	0.0
126.0	25.0	6.25	37.5	31.25	0.0
127.0	33.33333333333333	20.0	26.666666666666668	20.0	0.0
128.0	35.714285714285715	21.428571428571427	14.285714285714285	28.57142857142857	0.0
129.0	0.0	30.76923076923077	46.15384615384615	23.076923076923077	0.0
130.0	8.333333333333332	33.33333333333333	25.0	33.33333333333333	0.0
131.0	55.55555555555556	11.11111111111111	33.33333333333333	0.0	0.0
132.0	11.11111111111111	33.33333333333333	0.0	55.55555555555556	0.0
133.0	37.5	12.5	25.0	25.0	0.0
134.0	42.857142857142854	14.285714285714285	28.57142857142857	14.285714285714285	0.0
135.0	33.33333333333333	16.666666666666664	33.33333333333333	16.666666666666664	0.0
136.0	40.0	0.0	20.0	40.0	0.0
137.0	33.33333333333333	0.0	66.66666666666666	0.0	0.0
138.0	0.0	33.33333333333333	0.0	66.66666666666666	0.0
139.0	33.33333333333333	33.33333333333333	33.33333333333333	0.0	0.0
140.0	0.0	50.0	50.0	0.0	0.0
